4.367197
5.717002
4.666958
5.795702
5.093470
1.836212
4.667821
6.853075
3.671996
4.375837
7.103274
9.160243
4.877933
5.866055
4.173214
2.289812
4.024694
5.514518
2.545424
2.865533
3.875016
6.294672
3.028453
13.617298
4.989582
6.028749
3.450600
7.556701
3.336328
2.715609
3.148912
4.648812
4.995979
7.319511
6.077380
2.646775
4.886319
5.153090
3.954715
12.781812
4.580212
3.865021
6.633670
8.635659
4.270395
6.409396
4.738299
3.167746
2.489554
6.335577
4.984946
5.477613
5.194105
5.375504
2.898938
3.621264
3.064891
10.376364
4.412144
1.687753
12.215040
1.665806
5.716286
3.681008
2.511005
9.004551
6.906338
4.160800
4.293078
15.085490
7.225441
5.589469
5.696082
4.957979
3.334854
4.866233
6.097236
2.636347
15.223739
3.100615
2.616454
5.915829
6.781446
10.674755
11.055773
4.981099
10.655667
2.212043
5.459501
10.083215
3.935471
3.165790
10.021664
11.168804
4.652922
5.102820
7.542047
7.284528
6.310045
3.459120
8.484905
4.719004
2.656592
6.389590
8.038363
3.391903
5.099868
9.287456
8.365468
8.796330
2.992404
6.516593
4.294871
10.507013
3.545344
5.411709
4.708375
3.468207
6.065101
7.812952
5.387564
3.963263
5.111693
6.793922
10.747433
5.087083
5.916337
4.949646
6.588670
11.665121
8.280273
5.347676
7.408443
4.306008
3.108100
6.477951
1.821692
6.120397
3.619723
3.657894
2.961766
3.278457
5.515030
4.967153
1.691114
6.062957
6.342627
3.344116
8.574080
3.690823
3.069270
6.518548
2.678834
2.884425
7.177146
2.588412
5.730772
5.151749
4.426998
8.694173
2.980500
9.721167
12.428126
4.950050
5.349034
8.338937
2.823514
4.499430
9.759961
4.196747
4.574821
9.696039
1.973142
4.842397
3.762489
5.361580
5.339769
9.130507
6.299924
4.878034
6.915157
8.099987
3.593836
4.980886
21.115314
4.894499
13.171163
7.717986
12.123753
3.877790
6.651450
3.639695
3.133893
3.365027
2.883589
4.759527
2.953037
4.033403
5.192275
6.882193
6.117921
8.629748
10.801995
1.894279
4.505147
5.658268
3.797847
5.901469
5.862930
1.920784
2.186626
4.865210
7.430085
3.953264
5.106411
2.940374
2.427769
4.224116
6.319554
4.353011
3.127518
5.454892
8.059448
7.077480
5.704323
3.879876
4.981442
3.712295
9.238625
6.069540
13.081126
2.900047
4.337490
4.184974
6.529344
4.991187
3.087267
3.460225
3.517136
6.825021
2.994796
3.429346
3.248474
7.738206
2.459285
6.787518
2.455004
9.064388
3.573955
2.018992
3.131449
5.445317
3.564407
7.472099
5.340186
6.102878
4.778972
8.647898
9.003630
2.128827
4.059139
2.224794
2.608513
4.330075
4.510698
6.660238
3.058233
6.418930
10.246402
7.610349
5.119463
8.473352
4.264028
6.264778
3.139122
5.420466
2.885980
1.698277
7.847186
7.620646
5.108138
5.848645
3.631130
12.813599
11.611461
3.725447
4.334387
4.274830
4.967455
3.885118
9.650578
5.282514
14.360221
5.068482
7.076290
4.916623
3.136109
11.325001
5.993871
4.942360
6.641383
6.508880
5.378040
5.930704
5.175807
6.443523
7.078336
3.013404
5.276851
3.800445
6.829333
7.354375
3.345064
2.781337
4.572277
4.913139
4.893630
4.386970
8.676926
4.183894
5.346498
3.597443
6.699196
10.648982
2.212008
5.683022
2.632674
4.332192
5.121884
5.843237
5.358379
3.606429
1.716086
7.826972
4.645698
8.175013
3.564008
3.159948
6.111706
6.246336
11.306356
6.282391
2.727556
5.726771
4.666877
6.175125
4.354562
6.559208
4.858365
4.597809
15.802729
2.933464
15.055711
14.206361
4.658096
3.430161
5.469289
4.350458
3.217321
3.068468
9.925627
2.332238
4.323020
2.070289
3.157483
6.449172
4.065750
14.845406
5.276799
9.164397
7.109656
2.923870
2.743824
4.847779
6.394326
3.041571
5.037976
5.882905
4.635713
2.305528
5.314536
5.374723
7.426711
2.635404
8.822269
3.664657
6.382042
5.742270
3.172075
6.925974
2.287923
2.855319
3.452050
4.900487
5.757972
8.596604
4.967543
6.391305
7.791924
2.183309
3.570442
7.464259
7.007322
5.071561
7.670751
11.744377
2.953439
5.932670
6.916553
6.598665
4.325490
4.158332
4.762983
3.836289
5.595664
7.260732
2.789047
7.752691
12.455430
9.231624
2.996183
5.304300
3.288786
3.276286
2.411215
8.374029
5.512533
13.766763
5.217371
10.917514
5.793462
4.289628
3.042136
3.024170
7.890275
3.602707
7.086375
2.864684
6.248682
8.342412
4.486034
10.918987
4.125722
3.359369
7.909184
10.845863
2.941230
7.232816
26.616215
4.722754
4.187164
5.193981
5.306504
4.620000
5.218831
4.028088
10.055675
4.315044
9.014882
4.322532
6.021638
4.015557
5.715744
6.556060
4.047719
5.618297
3.677290
4.382064
9.969743
4.551405
4.067417
9.099316
5.045786
7.519759
3.564773
5.177752
6.231884
5.660928
6.272664
2.795363
8.657307
6.675557
3.381444
7.414643
4.542542
3.681149
5.584560
3.609105
7.799685
7.584484
6.331785
13.049091
4.703017
3.940000
3.109455
4.731984
1.768971
3.317898
7.360577
6.516349
10.488466
7.804795
3.616157
5.287533
5.548881
3.625192
4.113316
2.834390
3.423038
6.843364
3.862748
4.028113
