0.068920
0.061633
0.027498
0.050458
0.062405
-0.017248
0.028461
0.035148
0.013272
0.030412
0.045913
0.061773
0.013998
0.052061
0.036196
0.030269
0.007349
0.063181
0.055634
0.034423
0.018723
0.081738
-0.001285
0.063299
0.053790
0.032038
0.019039
0.045792
0.056214
0.024784
0.032971
0.040762
0.036537
0.050253
0.034485
0.000566
0.090356
0.024705
0.019085
0.021435
0.065371
0.010199
0.027751
0.070926
0.014604
0.030791
0.041340
0.038267
0.021259
0.044633
0.041702
0.014804
0.039318
0.039178
0.040565
0.015617
0.054515
0.054571
0.037018
0.010096
0.026225
0.029014
0.032772
0.017865
0.045715
0.076125
0.053350
0.021189
0.006868
0.068361
0.039785
0.029206
0.009262
0.038049
0.069840
-0.009411
0.036784
0.032358
0.060680
0.048312
0.025264
0.000966
0.042212
0.027663
0.098945
0.028990
0.049223
0.018964
0.028932
0.056293
0.057354
0.005392
0.099605
0.041684
0.019534
0.051657
0.009918
0.068681
0.047894
0.021357
0.058684
0.044518
0.031811
0.030144
0.014163
0.018372
0.010980
0.021203
0.084303
0.037173
0.043721
0.073589
0.045994
0.035890
0.018810
-0.001490
0.018333
0.050665
0.032001
0.063174
0.005136
0.034035
0.037288
0.034401
-0.011717
0.043443
0.023832
0.028967
0.001047
0.014390
0.056377
0.064949
0.021888
0.037821
0.021834
0.023012
0.001563
0.024425
0.048103
0.017389
0.010445
0.024498
-0.006084
0.046484
0.019278
0.039469
0.023617
-0.003067
0.013579
0.004213
-0.009166
0.014504
-0.012077
0.055980
0.066812
0.012981
0.038433
0.056660
0.047264
0.077122
0.030717
0.020682
0.048005
0.023561
0.079881
0.093498
0.029642
0.081069
0.034788
0.002987
0.072657
0.054508
0.023788
0.006762
0.020467
0.025829
0.044105
0.038826
0.025588
0.028390
0.029181
0.068524
0.055061
0.040565
0.018137
0.032941
0.028365
0.070603
0.071980
0.034159
0.040685
0.016810
-0.027046
-0.017836
0.021892
0.021571
0.039368
0.053543
0.026756
0.060076
0.027775
0.096735
0.047431
0.021254
0.020559
0.077240
0.014960
0.065891
0.066325
0.066580
0.020043
0.011265
0.048298
0.024879
0.005158
0.017737
0.012480
0.002450
0.055306
0.023563
0.036065
0.027200
0.040528
0.037723
0.079917
0.006744
0.014440
0.021102
0.013444
0.017888
0.055545
-0.005263
0.028569
0.025212
0.042537
0.027145
-0.031376
-0.000472
0.039996
0.084681
0.013492
0.023074
0.024114
0.033019
0.055957
0.023979
0.015319
0.034516
0.039432
0.023476
0.030760
0.056742
-0.004755
0.069994
0.052256
0.054751
0.021217
0.082195
0.069401
0.026451
0.032698
0.021311
0.017884
0.006917
0.030534
0.029242
0.009240
0.034638
0.050864
0.037313
0.001424
-0.010245
0.025828
0.024862
0.058475
0.004730
0.016344
0.032937
0.068807
0.047464
0.054216
0.041856
0.053792
0.063843
0.064135
0.023384
0.040865
0.074237
0.067520
0.063127
0.030443
0.040819
0.071252
0.057907
0.036070
0.047043
0.025342
0.080461
0.045500
0.007258
0.011586
0.069123
0.043644
0.055072
0.010012
0.028965
0.030266
0.046247
0.066745
0.024919
0.044088
0.053621
0.038210
0.035040
0.040491
0.042421
0.033603
0.024780
0.077009
0.020645
0.008355
0.016007
0.043729
0.054806
0.023482
0.057559
0.022570
0.014582
0.039680
0.039144
0.076440
0.046996
-0.004704
0.072145
0.041923
0.058971
0.024768
0.030874
0.013162
0.020631
0.056862
-0.011060
0.059188
0.031930
0.030096
0.036459
0.024910
0.035875
0.055053
0.020514
0.086930
0.030704
0.088260
0.041678
0.060416
0.079681
0.067652
0.035576
0.035451
0.015643
-0.017918
0.050628
0.048828
0.039170
0.031361
0.039679
0.034993
-0.019800
0.024405
0.085838
0.067972
0.034364
0.013513
0.049404
0.064777
0.061307
0.078893
0.031045
0.033185
0.012481
0.036495
0.011426
0.052468
0.045391
0.004050
0.006814
0.033022
0.002690
0.030999
0.043510
0.038151
0.030678
0.058831
0.049826
0.047880
0.022147
0.010968
0.063616
0.045349
0.014508
-0.016776
0.064336
0.005433
0.019316
0.022694
0.036057
0.054510
0.057807
0.022902
0.023890
0.030879
0.055276
0.012722
0.041927
0.074421
0.022150
0.050358
0.058991
0.052258
0.060338
0.024658
0.057539
0.052718
0.023468
0.052698
0.015510
0.056364
0.041605
0.032138
0.040812
0.014905
0.006947
0.012691
0.026538
0.077984
0.047160
0.036782
0.012454
0.023899
0.035854
0.027969
0.060048
0.029071
0.013008
0.066585
-0.003270
0.013314
0.002173
0.016854
0.061578
0.038944
0.069970
0.048677
0.026467
0.076533
0.031272
0.076694
0.041207
0.055988
0.045641
0.020939
0.016876
0.066561
0.030522
0.027634
0.037035
0.054331
0.030106
0.026493
0.062540
-0.009918
0.021690
0.040545
0.035103
0.007317
-0.000345
0.045219
0.033839
0.061086
0.025566
0.061318
0.033123
0.004150
0.008143
0.032843
0.023512
0.043221
0.013098
0.003551
0.020752
0.067462
0.019755
0.005203
0.034044
0.027825
0.017265
0.005603
0.013371
0.021852
0.084974
0.059475
0.033573
0.023999
0.061470
0.042425
0.002126
0.045596
0.029646
0.037218
0.034161
0.064239
0.011447
