0.478463587
0.418194049
0.462846016
0.415345503
0.443047709
0.737768933
0.462803237
0.381966763
0.521782816
0.477991103
0.375180405
0.330386884
0.452728227
0.412847748
0.48945486
0.660701473
0.49840182
0.425801167
0.626663847
0.590638193
0.507933924
0.398546458
0.574536852
0.270980839
0.447635377
0.407239957
0.538257103
0.363751796
0.547394657
0.606717375
0.56344404
0.463748271
0.44734876
0.369597735
0.405607593
0.614553167
0.452339649
0.440477776
0.502791009
0.27969635
0.467207499
0.508590092
0.388231113
0.340272705
0.483854888
0.394964053
0.45934918
0.56176708
0.633653764
0.397257991
0.447843438
0.427232899
0.438735559
0.431270759
0.587226497
0.525424053
0.571112472
0.310424846
0.476020823
0.769514722
0.286111146
0.774564293
0.418220234
0.521143873
0.630942453
0.333230585
0.380491226
0.4901843
0.48257524
0.257457706
0.371995571
0.422937193
0.418961161
0.449059476
0.547515581
0.453272041
0.404946721
0.615766932
0.256286112
0.567813947
0.618102459
0.411107586
0.383978429
0.306055861
0.300736266
0.448016309
0.306329839
0.672210162
0.427940859
0.314904562
0.504018493
0.561940544
0.315870025
0.299210771
0.463543451
0.4426417
0.364104958
0.370484023
0.398060754
0.537594008
0.343281909
0.460287114
0.613417054
0.395575624
0.35268678
0.542893045
0.442769766
0.328116625
0.345723517
0.337151082
0.577986018
0.391702534
0.482474522
0.308489012
0.5310184
0.429825978
0.460806252
0.536889478
0.406017901
0.357737634
0.430787881
0.502248641
0.442257434
0.38362576
0.305019372
0.443325698
0.411089939
0.449437249
0.389554447
0.292776869
0.347497312
0.432391208
0.367372987
0.48185033
0.567130044
0.392868901
0.740701725
0.404179914
0.525535853
0.522787369
0.580966812
0.552203341
0.425781405
0.448644677
0.76875011
0.406089671
0.397037183
0.546757072
0.341492295
0.520450661
0.57070505
0.391643801
0.610866141
0.588701449
0.373244878
0.621440312
0.417691413
0.440535089
0.475221731
0.339125843
0.579138708
0.320714401
0.283647986
0.449418912
0.432336327
0.346272988
0.595015301
0.471382
0.320076442
0.488080964
0.467482638
0.321129667
0.711722681
0.454386025
0.515471519
0.431830296
0.432711167
0.330924386
0.398380323
0.452723541
0.38024856
0.351342779
0.527424693
0.448025886
0.217616061
0.451961579
0.275531624
0.359931514
0.287186189
0.507752261
0.387711953
0.524092387
0.564792133
0.545056097
0.58878675
0.458323878
0.58182454
0.497863584
0.438812853
0.381157989
0.40426168
0.340389208
0.304248126
0.726379242
0.471082881
0.420358535
0.51306702
0.41160737
0.412957741
0.721352786
0.676103932
0.453319683
0.366837636
0.502883249
0.442486063
0.58307561
0.641662848
0.486497577
0.397761209
0.479242405
0.565367281
0.428121578
0.352225188
0.375863363
0.41865847
0.507615783
0.448000887
0.518943735
0.328982523
0.405869426
0.276478164
0.587114245
0.480098888
0.488766843
0.391319933
0.447563414
0.569039717
0.537508188
0.533142971
0.382750873
0.577755225
0.539922016
0.55474509
0.359461015
0.637539783
0.383806666
0.638095181
0.332129003
0.528889214
0.703598938
0.565012421
0.428497746
0.529596911
0.365804996
0.432694275
0.404759525
0.457390693
0.340031861
0.333247626
0.685216537
0.496283172
0.670281937
0.619042217
0.480509687
0.470792992
0.38745612
0.571733609
0.394670671
0.312387116
0.362467591
0.441921757
0.343515826
0.484215912
0.399496058
0.564321685
0.429478701
0.588542883
0.767128134
0.356956551
0.362222658
0.442411272
0.413461661
0.52470996
0.279349237
0.293452535
0.518027154
0.480270669
0.483603889
0.448631041
0.507273305
0.321885073
0.435049395
0.263878689
0.444138281
0.375894961
0.450943763
0.564592618
0.297140399
0.408422895
0.449768339
0.388005644
0.391934513
0.431169084
0.410591793
0.439510255
0.393916898
0.375840639
0.575969215
0.435282731
0.512891668
0.382630038
0.36872076
0.546679613
0.599508209
0.467612645
0.451103588
0.452001698
0.477384347
0.339462675
0.488829907
0.432438831
0.527160287
0.386328054
0.306425965
0.672215478
0.419442202
0.616196166
0.480392296
0.441817322
0.413652916
0.431959237
0.526503308
0.763139576
0.357417134
0.463903636
0.349727041
0.529626547
0.562459588
0.404467142
0.400085275
0.297385279
0.39893575
0.60538766
0.417837271
0.462850032
0.402385165
0.479157069
0.390428215
0.453638848
0.466312775
0.25154762
0.583761712
0.257712179
0.265303691
0.463285994
0.539857888
0.42755783
0.47938297
0.55742356
0.570779603
0.317394318
0.654667045
0.480901524
0.694831743
0.562679027
0.393744366
0.495879623
0.259531056
0.435284875
0.330312006
0.375012001
0.58471834
0.603590991
0.454133777
0.395429127
0.573296961
0.445480661
0.412256179
0.464402867
0.658446714
0.433736997
0.431302086
0.366920943
0.615877047
0.336655133
0.522304885
0.395809441
0.417273095
0.561383742
0.379951551
0.660974049
0.591693292
0.538144079
0.45168542
0.416703853
0.341044681
0.448627068
0.395522556
0.358219959
0.676617089
0.529149267
0.365997029
0.37774
0.444003467
0.361037864
0.29178739
0.581784955
0.410523767
0.38021019
0.389259351
0.48076423
0.490329707
0.458157604
0.510490595
0.422703051
0.371090547
0.598679297
0.359125096
0.283336943
0.329107232
0.577621526
0.434155219
0.551335778
0.552386211
0.643860812
0.345546772
0.425877809
0.26950592
0.43775642
0.302634358
0.415425777
0.482769215
0.573243738
0.574943419
0.355980666
0.52677513
0.375627426
0.59072568
0.400010176
0.34620087
0.472085129
0.302613946
0.492263226
0.545514772
0.355554932
0.303632267
0.582990785
0.371805895
0.193828973
0.460104376
0.488639038
0.438740795
0.434065066
0.465191762
0.437695195
0.498191856
0.315335447
0.481345669
0.333039611
0.480928663
0.407480303
0.498968389
0.41824006
0.390521925
0.496982598
0.421850926
0.521407191
0.477651443
0.316691377
0.468683381
0.495778021
0.331491017
0.445135832
0.364644077
0.529569731
0.439427713
0.40054884
0.42025978
0.399244896
0.598002812
0.339847054
0.387011366
0.543731749
0.36721938
0.469140284
0.521133895
0.423123006
0.526308135
0.358041716
0.363085037
0.39737691
0.276817301
0.461068613
0.503728801
0.567006501
0.459655522
0.751652186
0.548912407
0.368565407
0.391709867
0.308761619
0.357924502
0.525794841
0.434842907
0.424480911
0.525139398
0.493004834
0.593873024
0.540419128
0.38223764
0.508739669
0.49819031