1.139152
0.906051
0.955092
1.124768
1.061625
0.922057
0.850923
1.097560
0.974951
1.113631
0.904574
1.009107
0.941357
1.057323
1.049491
1.042485
1.181804
1.149446
1.144598
1.160175
0.987586
0.980687
1.072762
0.926365
0.935085
0.873880
0.912713
1.111411
1.116236
0.913688
1.081430
1.057209
0.981376
0.913482
0.846327
1.065410
1.032830
0.931398
0.914522
0.873285
1.045787
0.908804
0.858731
1.155242
0.910843
1.068903
1.036662
0.888696
0.988900
0.999476
1.065293
1.024281
1.029255
0.906484
1.105613
1.152051
1.009148
0.970607
1.013688
0.905485
0.883161
1.178624
0.836548
0.943979
1.024455
0.991015
0.974073
1.241251
0.847959
1.008097
1.095972
0.978077
1.009352
1.031281
1.077243
0.856699
0.980860
1.113650
0.935217
1.120133
1.024832
0.876777
0.874882
0.827749
0.976939
1.112299
1.066649
0.955667
0.898533
0.921819
1.133514
0.889710
1.056142
0.975420
1.105465
1.139952
0.891364
1.001919
1.007122
0.864601
0.945517
0.973183
1.193988
0.851008
0.851817
0.878004
0.942225
0.832450
0.949873
1.017238
0.908656
0.943839
1.105352
0.986387
0.906369
0.992105
1.019408
0.938600
0.897403
0.979971
0.838977
1.080901
0.911700
1.042795
0.843286
1.074557
0.839034
1.107053
0.867594
0.851151
0.917097
1.006499
0.920407
1.037864
1.039798
0.959511
0.985695
0.868945
0.934514
1.004255
0.985550
1.121182
1.224015
0.963809
0.853349
1.015375
1.047878
1.020642
0.822040
0.938840
0.956038
1.012198
1.084626
1.157624
0.976286
1.078529
1.098478
1.210090
0.957526
1.141836
0.897668
0.809995
0.869434
0.890259
1.164919
0.957749
1.048779
1.059428
0.819311
0.846083
0.955248
1.025005
0.979667
0.935895
0.848112
1.064869
1.092119
0.810258
0.857076
1.057475
0.963434
0.987555
1.279217
0.884789
0.918522
0.920977
0.832948
1.051889
0.864598
1.263693
1.039203
1.004120
0.917623
0.956662
1.119495
1.136326
0.943514
0.945843
0.856908
1.005458
0.854819
1.025601
1.114479
1.122440
1.003964
1.151966
1.155553
1.158883
0.991168
1.064584
0.849430
0.916827
0.980982
0.921158
1.209481
1.059126
0.891351
0.976974
0.979697
0.931730
1.010399
0.845893
0.959849
1.007683
1.078489
0.896702
0.987653
1.088638
0.813081
0.990765
0.994567
1.021824
1.061636
0.837344
0.986802
0.837002
0.835735
0.962100
0.972325
0.957842
0.828984
0.964673
0.902722
1.100931
0.924380
0.907865
1.070179
0.995446
1.135522
0.987944
0.991445
0.993874
0.889307
1.134849
1.077259
0.981421
0.825069
1.054425
0.971664
0.821455
0.983745
1.116401
1.085161
0.998008
1.035676
0.844947
1.108669
1.148127
0.966114
1.018832
0.902268
0.801073
0.966122
1.003821
1.055456
0.949016
0.923483
0.928823
1.243002
0.923542
0.885372
1.122577
1.077501
0.867008
0.808421
0.867889
1.081482
0.986354
1.193125
1.019092
0.993783
1.040247
0.939698
0.971904
1.037023
1.071970
1.136347
1.010865
1.118283
1.133267
0.878097
1.084066
0.938929
0.926237
1.039028
1.047785
0.875693
1.114195
1.027106
1.106535
0.865480
0.925813
0.942930
0.959548
1.257378
0.954657
1.033777
0.943406
1.108730
0.906667
1.139647
0.856527
0.889947
0.983947
1.011340
1.076861
0.968186
1.104895
1.177551
1.020109
1.000561
1.006354
0.855243
1.077053
1.118784
1.056877
0.999087
0.969944
0.895827
0.949674
0.984806
0.826549
1.064679
1.035501
0.880946
0.897380
0.884528
0.832012
1.121026
1.021168
0.896997
1.088719
0.972279
0.929272
1.261979
1.149969
1.066740
0.955839
1.021028
0.943228
0.832878
1.157008
0.992484
1.100654
1.058738
1.062534
1.277534
0.774479
1.118642
1.080817
0.926556
1.079119
1.049205
0.910592
1.079325
1.208515
0.989913
0.913064
0.934297
1.142989
1.029846
0.878291
0.999033
0.953159
0.897544
0.978695
0.921977
0.983890
1.062590
1.080162
1.034558
1.049401
0.938190
1.061670
0.796541
1.093094
1.088136
0.998260
1.115343
0.938300
0.832248
1.212378
0.870238
0.822045
0.863677
0.812428
1.110610
0.927823
0.927346
0.890915
0.820169
1.012869
1.108170
1.105034
1.129946
0.839571
1.159655
1.011981
1.021534
0.912808
1.163911
1.028260
0.933108
0.928788
0.960969
0.870585
0.916240
0.935666
0.959365
0.862206
0.974960
0.886228
0.954673
1.109072
1.128347
0.993181
1.056207
1.132765
0.878291
1.159492
1.246687
1.203043
1.133686
1.054447
0.999031
0.849726
0.974918
0.821857
0.858301
1.299623
1.104104
1.067113
0.900563
1.000125
1.057153
0.900783
0.962394
1.209082
1.008545
1.079658
0.989802
0.946163
0.965068
1.054043
0.943960
1.101804
0.979781
1.039451
0.873901
1.033093
1.068024
0.910466
1.009694
1.401105
0.850827
0.867027
0.976312
1.036174
0.962486
1.179117
0.971890
0.983123
0.874583
0.911701
0.894264
1.037015
0.971827
0.909843
1.101068
0.837379
1.191362
0.785705
0.869313
0.920298
0.972825
0.952603
0.934373
1.022906
0.980132
1.010383
1.033827
0.805720
1.029481
1.067244
1.011173
1.103682
1.142792
1.026209
1.127915
1.043159
1.145017
1.098937
