1.382633
1.138821
1.207507
1.615950
1.354283
0.901246
1.232679
1.365346
1.090821
1.356274
1.668878
1.844146
1.228859
1.300238
1.279429
0.811343
1.200098
1.483343
0.982351
0.823765
1.163749
1.761078
1.040865
2.419213
1.578376
1.150286
1.104604
1.459641
1.174010
0.909042
0.998952
1.218700
1.391227
1.607548
1.352801
0.944728
1.552120
1.240510
1.098566
1.951747
1.368475
1.200222
1.442338
1.677768
1.210105
1.656289
1.354290
1.081349
0.811627
1.640583
1.424832
1.401205
1.514087
1.363748
0.868208
1.112324
1.161384
1.996742
1.274436
0.799173
1.744002
0.666524
1.428667
1.291312
0.912514
2.069077
1.921481
1.150749
1.038353
2.007946
1.508364
1.692050
1.530569
1.472931
1.077417
1.198289
1.858209
1.051326
3.131897
1.152412
1.051745
1.333492
1.643882
1.761190
1.883981
1.232432
1.531268
0.939675
1.464998
1.958726
1.303256
0.889385
1.740316
2.596870
1.129213
1.342422
1.597164
1.669103
1.346028
0.953211
2.260635
1.530899
0.885686
1.227378
1.433809
0.882876
1.424995
1.535101
1.755255
2.156168
1.070705
1.703192
1.369879
1.770789
0.889581
1.636683
1.208155
1.108796
1.313038
2.020720
1.202720
1.189421
1.290083
1.517996
1.741423
1.213615
1.344200
1.280826
1.396644
1.910143
1.983816
1.629456
1.523199
1.380326
1.187038
1.520328
0.795500
1.312533
1.013242
1.287137
1.018757
1.116988
1.257465
1.401204
0.778948
1.542145
1.644378
1.186338
1.476530
1.099775
1.056141
1.590649
0.867655
0.966987
1.487807
0.973180
1.474995
1.589457
1.316716
1.448362
0.937586
1.738458
2.205133
1.206678
1.350016
2.013382
0.921628
1.349450
1.501621
1.084669
1.293073
1.539797
0.796206
1.311202
1.249854
1.531349
1.437993
1.524899
1.508550
1.490821
1.850450
1.899510
1.114314
1.292390
3.000714
1.153838
1.736984
1.751784
2.154391
1.132803
2.136444
1.343523
1.116123
1.118161
1.023869
1.551382
1.089881
1.082487
1.191123
1.911615
1.231347
1.763122
1.943837
0.685280
1.332969
1.212449
1.162569
1.590157
1.728158
0.713308
0.917776
1.351939
1.543628
1.388133
1.392475
1.205295
0.959486
1.110651
1.771650
1.217725
1.006919
1.175024
1.860135
1.836683
1.452606
1.104363
1.428546
1.076434
1.643187
1.467068
2.254858
1.011274
1.146255
1.063685
1.582303
1.115098
1.007779
1.122707
1.237386
1.821658
1.082187
1.168247
1.048194
1.538422
0.991784
1.522036
0.918906
1.769238
1.244719
0.814588
1.030908
1.332948
1.031608
1.642600
1.496849
1.595739
1.179462
1.904426
1.803451
0.923935
1.087166
0.824255
1.045047
1.121191
1.444187
1.533381
0.922932
1.392219
1.994235
1.556655
1.251149
1.562312
1.208023
1.432510
1.097032
1.471511
0.929359
0.817943
1.750080
1.553690
1.632914
1.373864
1.135411
2.351282
1.716197
1.227372
1.331229
1.519744
1.230194
1.283882
2.081801
1.451339
1.945530
1.468548
1.588631
1.269390
1.044581
1.810061
1.691591
1.534566
1.253517
1.791627
1.446536
1.740488
1.290681
1.682405
1.497980
1.020249
1.377221
1.071634
1.580531
1.680321
1.218477
1.005973
1.077382
1.431480
1.435275
1.373380
1.507079
1.039248
1.258425
1.021361
1.249609
1.822388
0.791441
1.478580
1.015121
1.112591
1.282659
1.517343
1.387772
1.248651
0.788175
1.686108
1.180720
1.713325
0.954947
1.097290
1.410820
1.736499
2.093529
1.424871
0.871792
1.567209
1.263564
1.665219
1.115830
1.192330
1.441530
1.302563
2.460030
1.061914
2.138650
2.421639
1.020146
0.969212
1.629235
1.232810
1.103464
0.918226
1.602583
0.846955
1.381282
0.733140
1.142996
1.457525
0.985296
1.920289
1.355324
1.767681
1.444056
0.970888
1.093578
1.291467
1.500743
0.916188
1.347878
1.429763
1.176764
0.874609
1.577745
1.204353
1.631951
0.970351
2.086376
1.132927
1.586895
1.798298
1.210464
1.706312
0.790172
1.167965
1.232293
1.284850
1.346734
1.672526
1.271998
1.437932
1.646105
1.011202
0.970830
1.589326
1.634796
1.231597
1.421394
1.663760
0.931259
1.452892
1.632236
1.381011
1.120442
1.156284
1.340720
1.255607
1.499151
1.336722
1.008526
1.933970
2.152260
2.249895
0.995439
1.512166
1.094384
1.059679
0.979514
1.665128
1.629093
2.153060
1.277540
1.900658
1.393253
1.001955
0.997339
1.030705
1.719603
1.089049
1.542306
1.050935
1.252229
1.694431
0.983550
1.639447
1.117375
0.989109
1.671187
1.721140
0.922230
1.348886
2.552120
1.208962
1.143002
1.543710
1.459936
1.364782
1.517519
1.233530
1.984743
1.249445
1.769447
1.232455
1.444892
1.119360
1.749353
1.558537
1.312583
1.627816
1.336906
1.362067
1.368790
1.471920
1.126841
1.567430
1.459285
1.304795
1.119798
1.276685
1.448295
1.378018
1.542878
0.962429
1.547367
1.894204
1.050878
1.706004
1.315250
1.115294
1.345239
1.176078
1.511851
1.601050
1.473443
1.861992
1.237869
1.161790
1.109375
1.483772
0.806027
1.078155
1.492635
1.652359
1.980310
1.348713
1.084777
1.645605
1.319120
1.228510
1.452173
1.076447
1.054446
1.430569
1.147514
1.209670
