4.458999
3.106884
2.900474
2.856883
1.762675
2.290803
3.776698
3.297742
6.275898
6.908658
4.968611
2.113388
7.874677
3.780843
3.974397
4.863004
1.141256
3.234249
1.655905
3.930723
1.981193
3.588370
3.584300
0.579043
3.209834
2.779031
3.954263
2.603082
3.184289
4.225201
2.261198
3.677363
3.225158
2.275805
2.517626
2.291016
1.066620
1.994684
2.873851
4.094013
3.359108
3.293808
2.519786
0.653053
2.500380
3.441163
3.028835
3.313477
4.200668
1.886571
2.771379
7.181272
3.993064
3.159797
2.739886
6.200611
2.112243
2.806191
3.052707
3.286688
4.066772
2.575837
4.339416
5.016389
7.912171
3.435019
2.983665
2.028721
3.674643
3.068700
3.062498
5.231845
5.293759
5.133700
4.003595
1.612213
1.448437
5.356844
3.321263
3.740139
4.437770
2.951509
2.371762
5.170041
4.352111
3.016336
9.775068
2.938261
2.863254
2.685616
3.613696
2.365608
3.743513
4.264848
3.820568
3.107873
2.229226
2.460815
2.143589
2.696650
6.972705
1.460970
3.837555
2.515413
4.998113
3.195934
2.636909
3.919254
3.145211
3.412172
2.896098
2.891239
2.254673
1.870314
3.568360
1.850827
3.509551
1.716607
3.314816
5.872106
2.360169
3.083568
8.904590
2.624872
3.290234
4.456575
4.199110
3.319174
1.373645
4.174192
1.397740
4.868142
3.462367
2.572496
3.556679
3.176814
4.845561
0.449342
0.956004
8.214701
5.227182
1.293026
2.890748
1.669114
3.682655
2.130917
1.740926
3.590602
2.984229
3.303739
3.646241
3.487618
3.536777
6.799753
2.810083
2.502142
2.587261
4.229148
1.831203
1.727528
10.572625
2.855772
4.841185
2.890492
3.639147
3.401091
2.909090
2.019572
5.419711
2.711885
3.329863
6.393449
3.267462
4.281056
0.000000
3.629618
3.579883
2.822912
2.755317
9.155858
4.701072
2.745980
1.011688
5.218443
1.373201
3.480220
2.700327
3.443476
3.593955
1.692201
3.342598
2.179590
2.798782
1.751775
2.723251
6.123712
4.819482
1.796517
1.099254
1.919583
2.419482
3.235283
6.347305
1.549360
3.194330
3.749330
5.437424
6.695865
2.336057
1.804427
3.569396
2.518290
4.205500
2.709554
3.663255
3.332388
11.534305
1.769526
3.321145
2.850228
2.328850
2.488534
3.475711
1.305762
1.670168
2.923964
2.401328
2.389936
1.958401
3.628645
2.670297
3.371756
3.186963
3.538869
1.984933
2.074479
2.388600
5.059954
3.423687
5.031209
2.405218
3.308125
1.798660
3.830513
2.336168
3.706099
3.380100
2.261085
2.850781
6.639859
2.844902
3.821107
3.450647
0.647746
2.704213
4.116671
1.628907
4.749469
4.196092
4.790380
2.933020
0.917096
4.357582
1.570516
2.419652
2.871264
2.412983
2.110444
2.996002
4.468942
2.319585
2.870492
6.026268
7.239800
3.692392
6.796241
3.270261
1.383382
4.666530
2.503611
3.304867
3.530408
1.524119
2.579273
3.694610
4.709724
1.771858
5.323985
3.992931
3.478352
2.665739
2.626447
4.815629
4.346702
2.908250
3.238095
1.757673
2.833506
3.407717
2.839616
3.128144
3.925900
3.475598
3.868960
2.494987
5.706271
3.373079
2.934118
4.392909
2.686963
2.592398
1.787322
7.313702
2.790000
4.330347
2.544710
2.038834
3.300664
1.533087
3.986633
3.399125
3.878370
2.729714
5.889924
2.415200
2.531876
3.025712
1.105885
3.074972
6.763634
2.110603
7.216239
2.902000
3.405153
2.918045
1.114696
2.782152
2.178946
2.957664
2.941564
2.039484
3.491081
3.872707
2.922304
8.330783
3.892375
3.175561
3.852218
4.216318
3.883787
2.158878
2.761715
3.250366
2.280067
2.612931
4.697918
2.106006
2.400012
3.411747
3.699039
3.774626
7.314011
4.575713
10.211439
2.558353
3.735227
3.222702
2.332385
2.453500
5.022461
1.131879
5.215066
3.374473
2.326378
4.653402
8.557124
2.939094
4.610443
7.354256
2.112579
4.274103
1.274496
3.160831
3.802004
3.242976
3.086248
2.199336
2.913627
3.530529
1.254207
2.212255
3.215209
2.452737
3.303614
2.912021
1.575005
2.363873
4.530856
4.196074
3.881050
2.834130
2.846844
3.213509
2.453943
3.823971
2.552263
5.630491
3.140485
5.138299
3.498648
3.741536
2.450166
4.688396
5.667772
1.971446
2.809319
2.322431
2.511936
3.668298
4.041944
4.346830
3.795296
1.459819
3.981717
3.117070
2.259312
4.060106
4.046754
8.234104
2.764352
1.761395
4.040242
3.723238
2.466212
0.162601
3.624415
3.413100
7.421063
2.145364
3.661690
3.882795
2.482941
3.913799
1.268250
3.622183
3.487688
3.078459
9.420945
2.676980
6.225121
9.842791
3.114228
3.679735
2.443477
2.716490
1.035742
2.894889
3.349862
2.854951
1.735904
2.597304
2.586716
1.328654
2.329106
3.557663
2.879683
3.314912
2.368689
2.352463
1.603603
3.214593
3.672039
1.946093
0.389341
2.450485
4.268784
5.081442
3.159334
5.260707
2.527041
3.127882
3.450440
3.118069
3.397375
2.806432
1.657261
3.187958
4.503460
3.190055
4.442853
3.246045
3.683149
6.583116
2.889018
3.056337
6.366544
1.897882
2.951926
3.139368
0.664434
2.659001
3.488933
3.859087
0.285300
4.212017
3.639368
3.240561
13.068137
3.321260
4.436677
3.200449
3.273542
