0.007363
-0.049269
0.022421
0.055380
-0.050545
0.016416
0.006384
0.025231
-0.015977
0.078047
-0.005764
-0.027284
0.027098
0.051092
-0.023877
0.042538
0.011232
0.040055
-0.031435
0.058330
-0.008263
-0.012229
-0.006301
-0.034240
0.028069
-0.005637
-0.014911
-0.001104
-0.000397
0.053680
0.038856
-0.009737
0.104550
-0.000700
0.007165
0.011543
-0.002226
-0.042219
-0.010209
0.047108
0.000436
0.057159
0.028991
-0.039033
-0.026255
0.041294
0.017240
0.004651
0.026370
-0.018734
0.000762
0.019846
0.015543
-0.003194
-0.001171
-0.034294
-0.015828
0.002195
0.027136
0.009711
-0.003008
-0.024944
0.053709
-0.025342
0.004633
-0.021511
-0.014533
-0.027831
0.018355
-0.002521
0.003041
-0.032183
-0.004814
-0.011097
0.050182
-0.045837
-0.031476
-0.008631
0.076042
-0.033859
0.057715
-0.020935
-0.006468
0.052253
0.034651
-0.004014
0.063002
-0.033846
-0.031298
0.008024
-0.010482
0.004014
0.007529
0.053890
0.052853
0.038864
0.002638
-0.021796
0.010675
-0.006333
0.044196
0.022271
0.021464
-0.068677
-0.001578
-0.005596
0.037108
0.042081
0.007785
0.016586
-0.024852
-0.023855
0.011751
-0.054916
0.037370
0.014683
0.057204
0.004077
-0.014535
0.009349
-0.003844
-0.017845
0.034239
-0.038133
0.013418
0.044614
0.066788
0.006311
-0.033867
0.028888
0.045304
0.050729
-0.019364
0.058591
0.024463
0.002456
0.017423
-0.038832
-0.003496
0.010606
0.030589
0.000681
0.015530
0.004865
0.056602
-0.022130
-0.009723
0.015852
-0.035110
-0.011767
0.069273
0.021557
0.002057
-0.040180
-0.057621
0.004435
-0.020275
0.004224
0.007414
-0.068421
-0.004671
-0.046979
0.034203
0.013703
0.041966
0.019929
-0.015921
0.023708
0.014879
0.005193
0.033079
-0.000972
0.031138
0.022145
-0.019119
0.036976
0.028118
0.001393
0.018425
-0.006320
0.009009
0.017372
-0.033863
0.019933
-0.016838
-0.004212
0.021124
-0.024072
0.025893
-0.024021
-0.013793
-0.014420
0.011159
-0.037146
0.023959
0.006852
0.029830
0.017250
-0.051310
-0.006868
-0.009330
-0.017748
-0.052271
-0.033049
0.023769
0.073261
-0.002941
0.026782
-0.010261
-0.059299
0.036179
-0.045417
0.037025
0.014712
0.008861
0.058924
0.087179
-0.034325
0.015222
0.007400
-0.044923
-0.013096
-0.010408
0.016772
-0.024898
-0.030129
-0.008390
0.081108
-0.038118
0.001895
-0.008736
-0.017817
0.031418
0.044877
-0.014932
-0.004426
0.032600
-0.019545
0.044399
0.059423
-0.041500
-0.029880
-0.061239
0.038917
-0.014329
-0.019760
0.045853
-0.007246
0.031246
0.013802
0.012714
0.069446
0.026044
0.005774
0.015068
-0.007094
0.049053
0.022906
0.035778
0.004070
-0.016806
-0.034334
0.016743
-0.047899
0.018290
-0.005206
-0.001385
-0.019250
0.003749
-0.000016
0.020048
0.015212
-0.032660
-0.036513
-0.008828
0.020362
0.095018
-0.023273
0.052390
0.015362
0.057198
0.004953
-0.028535
-0.034755
0.036462
-0.012421
0.025762
-0.001030
0.030565
-0.008414
-0.006499
-0.001310
0.073551
0.062262
0.015265
0.043212
-0.018840
0.027313
-0.014517
0.008778
0.001370
0.019583
0.019508
-0.003180
0.011025
-0.005937
0.009731
0.000348
-0.016377
-0.023591
0.014541
-0.050956
-0.011504
-0.025348
0.052146
0.062143
-0.018650
-0.027204
-0.060283
0.052311
0.043179
0.021390
-0.006605
-0.020310
-0.016476
-0.027188
-0.061242
-0.030677
0.006580
-0.001095
-0.005951
0.014136
-0.018474
-0.018852
0.036878
-0.002068
0.010985
-0.030077
0.038059
0.004673
-0.016535
0.014553
0.063057
0.059627
0.047937
0.007316
-0.041228
0.040532
0.030462
0.024597
-0.024403
0.004061
-0.013292
0.009104
-0.044558
0.013967
-0.040184
-0.005872
0.081540
0.011091
-0.022732
0.044615
-0.009378
0.026197
0.002667
-0.039346
0.064590
-0.048054
-0.017784
0.031953
-0.014207
0.018860
0.079212
0.070687
0.026693
-0.034834
-0.009865
-0.004996
-0.000067
-0.040812
-0.023406
0.020230
0.023346
0.012494
-0.005194
-0.013639
0.010795
0.001527
0.017421
0.028972
0.014641
0.004126
-0.038662
0.081612
0.030904
-0.012691
-0.034514
0.036368
0.037691
0.045930
-0.002692
0.035582
-0.025362
0.010791
0.047671
-0.006422
0.039714
-0.025019
0.018681
0.028254
-0.004815
-0.037955
0.044135
-0.037168
0.039280
0.006571
-0.020072
-0.032504
0.051226
0.041379
0.014339
0.057041
0.019344
0.018906
0.042627
-0.009680
0.075714
0.009110
0.038215
0.042936
0.004025
0.063205
-0.063412
0.000942
-0.050153
0.021474
0.001437
-0.014889
0.007885
0.002831
0.039824
-0.013527
0.038940
-0.015956
0.004868
0.014526
0.004917
0.060163
-0.021850
-0.019487
0.065913
0.004461
0.025369
-0.007137
-0.024363
0.042464
0.007219
-0.002358
0.010467
0.030319
0.036920
-0.011809
0.028115
-0.021170
0.009416
0.043123
-0.026175
0.017542
0.028161
-0.053026
0.040384
0.018526
-0.007766
-0.016247
0.001947
0.021993
0.024493
0.029943
0.036037
-0.008348
0.008235
0.024590
-0.016563
0.013077
0.021865
0.025476
-0.006919
0.040215
0.030444
0.048899
0.011021
-0.024882
0.004112
-0.055321
-0.009602
-0.012146
0.000219
0.010658
-0.044514
-0.000150
-0.034315
0.035151
0.008123
-0.055263
0.049301
0.013371
0.078754
0.012771
-0.018680
-0.009514
0.026047
0.044096
