1.023010
0.868782
1.024354
0.964480
0.876468
0.951497
0.862140
0.954975
0.845049
1.123440
0.905770
0.947073
1.047184
1.024696
0.913257
1.055836
0.996592
0.992829
0.888668
1.008484
0.941269
0.938189
0.993363
0.904711
1.067643
0.928798
1.174892
0.897497
1.049009
1.033338
1.065860
0.973718
1.088872
1.011442
0.983745
1.103052
1.041378
0.891535
0.925265
1.123196
0.916869
1.108750
0.996157
0.923880
0.972133
1.008039
1.066285
1.154726
0.929781
0.917575
0.984165
0.964415
0.944191
1.078172
0.983139
0.914934
0.971200
1.097640
0.992910
1.108497
1.025523
0.927763
1.011356
0.980925
0.976936
0.962241
0.957756
0.990157
1.004071
1.076022
0.911455
0.948808
0.890639
0.912230
1.275132
0.987844
0.935229
1.004089
1.029172
0.966391
1.015841
0.979972
0.916727
1.042610
1.015489
1.040193
1.076764
1.239047
0.944281
1.018225
1.042937
0.973063
0.896619
1.107558
1.153938
1.020416
1.081623
0.949169
1.168314
0.943086
1.128327
1.046717
0.968546
0.996052
0.923332
1.101089
0.950650
1.024351
0.932633
0.972406
0.861086
0.992246
1.080135
0.949036
1.088870
1.031191
1.192737
1.085871
1.044437
0.956178
0.946444
1.024065
1.011285
1.123530
1.006840
0.953975
1.147380
0.941751
0.969537
1.071926
1.068869
0.978599
0.931825
1.040234
1.160192
1.005336
1.072024
0.924614
0.896935
0.906310
0.893655
0.934366
1.053161
1.064857
0.939734
0.950297
0.974793
1.075394
0.993115
1.013348
1.135644
1.039267
0.955938
0.893124
1.012314
0.998187
1.037979
1.058527
0.996915
1.074367
0.928743
0.904167
0.961344
0.928119
1.102592
1.095318
1.036842
0.970408
1.381583
0.994095
1.048163
0.983532
0.976283
1.036009
1.031191
0.937017
1.061598
0.923527
1.008756
0.930657
0.995586
1.058684
1.051332
1.048978
1.007860
0.965998
1.002357
0.937211
0.987866
0.903101
0.848670
1.018877
0.985487
1.002345
0.959113
1.034363
1.030146
1.014030
0.883411
0.968793
0.951486
1.041454
0.914169
1.045228
0.994328
1.035870
0.887329
0.988160
1.022798
0.934871
1.120584
0.916775
0.961727
1.014810
0.942084
1.049342
1.139148
1.008448
1.019164
0.860851
1.071078
0.972956
0.874304
0.973477
1.030272
0.978388
0.967935
1.120196
1.026260
0.928015
1.023310
0.968046
0.977280
1.091730
0.956169
1.031877
1.036613
0.961065
1.008470
1.011754
0.912095
0.918660
0.950149
1.049288
1.000979
0.940573
1.053450
0.997194
1.014196
1.000325
0.988337
1.077688
0.915423
1.134384
0.831937
1.007586
1.075098
1.046283
0.958084
0.962454
1.014855
0.975881
0.970003
0.970375
1.011742
0.948285
1.018426
0.928393
0.969177
0.934732
0.938693
0.875315
0.833209
0.914503
1.011517
0.990341
1.116774
1.034031
1.116842
0.961281
1.015688
1.080393
0.881101
0.919767
1.122903
0.899360
0.907381
1.021996
1.000560
1.221668
1.067992
0.964971
1.069173
1.148202
1.034629
1.200946
1.007068
1.124882
1.031961
0.971183
1.067801
0.980630
1.046327
0.915934
1.034833
0.930293
0.959263
1.047018
0.909328
0.869314
0.944665
0.963751
0.962293
0.934167
1.168832
1.084279
1.021263
0.949617
1.060434
1.045265
1.000629
0.976280
0.956915
0.929641
0.828489
0.991463
0.959386
1.002660
1.052368
0.914508
1.016367
0.943972
0.965539
0.917729
0.979332
0.939412
1.000604
0.972228
1.015624
0.888029
0.917917
1.047561
1.166026
1.323138
1.036299
0.925564
0.914237
1.061355
1.143138
0.943603
0.882048
0.967085
1.023601
0.961923
0.947216
1.046483
0.904859
0.955112
1.052275
0.962789
0.917603
0.961498
0.996352
0.973321
1.008622
0.939230
1.077569
0.980009
0.829101
1.027866
0.855985
0.961308
1.163340
0.940680
0.960777
1.017243
1.082037
0.990465
0.907565
0.997009
0.906156
1.126411
0.963499
0.964896
1.077949
0.993381
1.011438
0.888171
1.092018
0.932670
0.985768
0.990849
0.884347
1.009199
1.078357
0.950206
0.937207
1.044180
1.016755
1.042055
0.980058
0.983192
1.050490
0.981945
1.105797
1.131069
1.007502
1.054859
0.966728
1.005615
0.957000
0.891916
1.106378
0.917995
0.993564
0.999038
0.972097
0.951936
1.020381
1.016498
0.980735
1.064292
1.028895
1.013079
1.107573
1.086895
1.065296
0.945678
1.026733
1.119229
0.921607
1.031591
0.979014
0.951400
0.935261
1.074282
0.999574
0.912415
0.985136
1.076320
1.064901
0.946352
0.963183
0.913455
0.966657
0.972275
1.002528
1.147487
0.991231
0.872801
1.096900
0.969564
0.925687
0.968984
1.056000
1.130302
1.001210
0.993560
0.967445
1.025996
1.013126
0.994634
0.951514
1.043624
1.114607
1.021042
0.976596
0.972900
0.991947
0.950133
0.953210
1.094716
0.929677
0.934198
1.017685
1.014221
0.995212
1.060979
1.131190
0.952319
1.039310
0.962965
0.934814
1.000637
1.078387
0.907189
0.998322
1.043137
1.009307
1.102854
0.948256
0.909479
0.897300
0.946790
1.087586
0.919505
0.950183
0.999728
0.915909
0.898676
0.961748
1.001917
0.888100
0.960062
1.040992
1.086221
1.024594
0.913409
0.929764
0.988649
1.029094
1.079169
