0.148180513
0.225397624
0.186948088
0.187090795
0.343932543
0.28697571
0.148638862
0.208515339
0.070949427
0.115826581
0.120280055
0.260002051
0.108705407
0.146756774
0.122654797
0.116741255
0.346307767
0.174125558
0.318889306
0.138331021
0.267785553
0.214598036
0.169117079
0.657209978
0.171403639
0.200101569
0.134426279
0.307493
0.163926336
0.132902233
0.218482597
0.14978349
0.185148464
0.23348881
0.234573698
0.261396542
0.427375873
0.311124371
0.201162233
0.158423348
0.145246917
0.169653234
0.24494518
0.551557885
0.205301677
0.15852554
0.167492052
0.160251764
0.12054491
0.309219606
0.256424612
0.069747802
0.132735174
0.170410136
0.210291652
0.086587489
0.243945042
0.183652988
0.183372783
0.161239153
0.202815058
0.247803501
0.134643551
0.119121183
0.066111157
0.16334052
0.187601165
0.297350425
0.195613
0.177160762
0.179320916
0.111016513
0.099377949
0.098248182
0.136425932
0.363635258
0.272151547
0.170044439
0.178399733
0.123247437
0.130906378
0.196458278
0.237031993
0.113811369
0.169505908
0.181034995
0.069656379
0.169958096
0.254906429
0.272270361
0.156443273
0.243551758
0.117471057
0.166907644
0.13841651
0.175413023
0.222937186
0.28899955
0.21053233
0.213704531
0.109853191
0.513665971
0.150708229
0.209311121
0.09726051
0.167731918
0.2259123
0.142355105
0.224737987
0.168615182
0.199246088
0.187386367
0.239145972
0.271809288
0.150754045
0.277759229
0.159580048
0.291171124
0.163844814
0.146262338
0.233539444
0.314240818
0.061473714
0.196621961
0.19313399
0.183910103
0.15117641
0.184095832
0.353629672
0.151569618
0.325715585
0.10636503
0.167862716
0.209301957
0.163180738
0.211389942
0.164984897
0.733774071
0.48642183
0.052737582
0.082644814
0.387919571
0.175439641
0.368520356
0.150857735
0.228173516
0.308595473
0.15832214
0.218926194
0.166791446
0.204271056
0.158463526
0.153115805
0.074536883
0.191641461
0.296952968
0.204636347
0.155773498
0.281227158
0.275803402
0.057512714
0.263119477
0.117692535
0.248456039
0.150578706
0.157174364
0.182988903
0.262296447
0.096985791
0.198541088
0.189620367
0.122789549
0.180613775
0.134284999
31.6227766
0.160879781
0.162921782
0.247858955
0.195245539
0.051843768
0.120654229
0.206064439
0.513394377
0.107625844
0.344400953
0.162261748
0.206145582
0.169112264
0.157952146
0.308065508
0.156078492
0.242611717
0.212736173
0.283758083
0.211183809
0.108501015
0.122930486
0.279104209
0.412729864
0.277264042
0.219438088
0.166556722
0.083799171
0.374473795
0.178040435
0.151635034
0.090191873
0.082212185
0.261350072
0.419470283
0.152928661
0.23167869
0.180476516
0.213189587
0.159016241
0.168075621
0.061477529
0.283658028
0.181998395
0.204512632
0.255479235
0.2204692
0.163240467
0.452491652
0.309603325
0.194793028
0.227196437
0.204794369
0.2637564
0.15411648
0.200386292
0.168067732
0.217741841
0.164586719
0.263700335
0.302695272
0.221562054
0.096898425
0.164355705
0.173602036
0.348810656
0.167959794
0.305910716
0.170035822
0.28030332
0.121041
0.163254673
0.258989462
0.202021307
0.086466527
0.228562294
0.154567116
0.170728633
0.431072287
0.207509354
0.130128632
0.313223206
0.136793593
0.13151423
0.11398868
0.183852411
0.474877227
0.139869656
0.291838269
0.268505038
0.17790808
0.221649432
0.230391098
0.201718326
0.102775404
0.311247304
0.204707883
0.070675499
0.074743087
0.1573742
0.077265497
0.197342382
0.388870773
0.16143633
0.231210696
0.17009731
0.156923419
0.443816314
0.230126664
0.142344046
0.125622507
0.274705517
0.101507566
0.168168676
0.149441432
0.198285111
0.204235876
0.124130086
0.13341814
0.178016867
0.164812627
0.366970006
0.192671096
0.172274688
0.225309863
0.180066395
0.156305029
0.186375494
0.148788896
0.297122718
0.102943672
0.251059969
0.184474022
0.1378233
0.190432167
0.21674089
0.331915377
0.077293303
0.188049853
0.128630674
0.241859272
0.268900355
0.157702101
0.308496792
0.147336787
0.194055211
0.146476107
0.205242181
0.137012264
0.247603074
0.264139901
0.204045089
0.571364675
0.165430811
0.106859521
0.25835851
0.073311321
0.189737455
0.190607914
0.181543652
0.451142561
0.247301198
0.255048336
0.188782748
0.256407753
0.262901018
0.155081494
0.139372899
0.174080673
0.096617392
0.140788631
0.167761691
0.155062752
0.129198534
0.134082851
0.324694099
0.275884156
0.222260158
0.288652188
0.296489197
0.126905039
0.243656566
0.218188115
0.161356125
0.151904266
0.147795942
0.072994307
0.156951162
0.050477005
0.219914387
0.193961851
0.176747534
0.271420225
0.31803844
0.111925849
0.412421492
0.108787426
0.156562917
0.211773314
0.13314412
0.100892762
0.183713007
0.125089095
0.074802922
0.292439968
0.170649962
0.336412955
0.16581214
0.138276334
0.163854713
0.182083392
0.249047016
0.164397885
0.157700836
0.521515879
0.278240275
0.158223726
0.269923939
0.211109395
0.186813357
0.297362993
0.274650837
0.120678571
0.134279734
0.142572012
0.186767984
0.209073803
0.166609122
0.208410203
0.140287567
0.198114405
0.11412827
0.173478873
0.10654967
0.158618933
0.210553735
0.222998468
0.122217906
0.151488346
0.273143584
0.20326027
0.226984507
0.217660966
0.169216193
0.142011716
0.183849133
0.153646864
0.310232919
0.145736046
0.172630155
0.223855185
0.19194621
0.186783107
0.068532809
0.190597742
0.398570484
0.14095368
0.219126215
0.223835417
0.940519885
0.153217569
0.20427782
0.064636197
0.356902325
0.151328195
0.152361006
0.222209965
0.141795062
0.374111721
0.155307449
0.183018625
0.182943103
0.071357512
0.203024836
0.106615305
0.057637587
0.177009658
0.15245516
0.214752571
0.198953586
0.433095756
0.203621194
0.212150681
0.182731329
0.291809391
0.215300221
0.201057639
0.350296392
0.227332598
0.148530325
0.194827591
0.152429477
0.229657794
0.271213022
0.317068574
0.199208112
0.147725406
0.283924825
0.935591249
0.214504404
0.135514926
0.166253438
0.171281374
0.130565885
0.218014168
0.175709799
0.164926885
0.222867214
0.166727867
0.190752226
0.221258059
0.179683879
0.127187027
0.173523492
0.125323214
0.163859564
0.142895988
0.077726311
0.230074716
0.1725024
0.089432796
0.247917439
0.195203076
0.21750127
0.571739496
0.201358509
0.16918395
0.119342073
0.634770317
0.143889837
0.180671469
0.186105128
0.03861789
0.170365084
0.121287042
0.166524467
0.168303591