45.541599
19.682455
28.611641
28.568008
8.452829
12.141545
45.261158
22.998796
198.655243
74.537994
69.120438
14.791666
84.623810
46.429535
66.469803
73.374535
8.337262
32.980846
9.832771
52.257969
13.944231
21.713434
34.963318
2.314217
34.036678
24.973627
55.338043
10.575197
37.212673
56.614513
20.948145
44.572025
29.170568
18.341894
18.172617
14.634256
5.473948
10.329752
24.710955
39.842880
47.399853
34.742672
16.666183
3.286137
23.724480
39.791527
35.645065
38.938858
68.817032
10.457417
15.207297
205.559158
56.757114
34.434719
22.611883
133.378693
16.803129
29.647587
29.738266
38.463402
24.309820
16.283901
55.159588
70.471878
228.796082
37.480083
28.412775
11.309007
26.132921
31.860405
31.097404
81.137100
101.254807
103.596901
53.727676
7.561546
13.500387
34.582993
31.419392
65.832085
58.354042
25.908518
17.797609
77.201027
34.803093
30.511299
206.099106
34.618141
15.388993
13.488606
40.857857
16.857443
72.465660
35.895123
52.193436
32.498474
20.119324
11.972074
22.560211
21.895391
82.864670
3.788993
44.026707
22.824242
105.711639
35.543186
19.592871
49.345222
19.798172
35.171776
25.188549
28.477953
17.484331
13.534410
43.999950
12.960731
39.267365
11.794148
37.249714
46.743980
18.333941
10.125860
264.618042
25.865398
26.808121
29.564745
43.754429
29.505119
7.995549
43.527699
9.424902
88.388824
35.487816
22.826241
37.553520
22.377520
36.736671
1.856271
4.225432
359.549225
146.408340
6.644331
32.488613
7.362377
43.939484
19.206442
10.499764
39.893837
20.863335
35.945156
23.964491
39.822678
42.653019
179.992798
27.227333
11.339303
23.879007
41.209972
12.643029
13.145216
302.322754
14.443217
72.193176
16.198473
44.102482
40.478634
29.863173
14.534005
106.311363
25.367758
27.810860
66.323990
30.653784
55.454548
0.000000
38.635437
37.672997
16.276615
26.231384
372.053772
68.692383
23.549162
3.793004
86.330017
8.429849
37.980114
23.530626
34.965309
40.080959
10.535924
41.049068
16.988338
22.095186
12.418483
22.421228
84.942940
66.171997
12.836109
5.869407
13.007071
20.766106
36.046543
142.402466
7.130110
31.546337
43.490150
122.931068
147.953308
14.639461
5.682261
42.757477
18.629642
30.700430
22.001297
39.546318
35.397964
264.585205
12.427246
30.189123
23.907907
15.320059
20.572309
37.526043
4.883036
10.431509
26.353403
19.372004
23.842169
14.373541
42.100914
24.902706
35.401287
21.090925
36.914642
14.379654
10.913120
20.369854
106.503159
37.018490
33.180069
8.218029
35.446804
10.684888
34.586498
12.726512
68.254082
37.519512
14.907564
24.501232
133.752136
19.141155
41.855778
34.306358
5.380456
23.222338
59.053673
10.191768
53.439251
57.815861
76.961037
29.583303
4.433425
51.114544
11.740282
13.869596
31.593294
20.353796
18.838467
24.574892
94.671013
10.321593
23.862320
200.198151
179.001022
40.375896
167.504395
25.676886
6.611861
38.369499
18.705139
34.561497
40.608204
5.075840
18.881788
49.352890
63.366283
13.250506
97.050705
35.358799
44.776306
25.433300
23.972748
64.899178
56.177513
31.554691
36.813511
7.424725
26.937094
33.693348
19.697792
30.840441
40.930164
28.787722
45.169922
11.326349
94.361771
15.864182
29.384262
52.643707
27.574245
21.286188
9.076061
167.383896
28.277346
60.437115
17.094213
13.828843
40.208164
10.506483
46.064693
26.554188
46.607639
23.738237
53.268806
16.310276
14.331831
24.017601
3.062185
36.538887
87.572670
14.980471
186.061096
27.776545
27.523418
30.340557
4.912290
16.350122
15.371872
28.058207
15.209297
14.467232
41.578575
51.479568
32.997856
107.123642
50.449425
35.530571
41.588627
59.907001
55.621887
9.484303
13.137521
20.242088
12.000908
11.374808
62.091946
16.842943
21.004732
38.407654
43.336121
45.778915
187.680740
40.593849
392.474762
20.676247
26.579758
32.009560
13.573242
9.885459
79.824051
5.878189
84.496254
40.795433
22.296570
56.408989
98.237106
29.628218
63.907864
178.714767
11.692016
34.337997
8.834977
36.371014
52.299313
37.245213
30.160944
16.121683
36.999496
40.208809
3.675757
12.915951
39.943481
13.724153
22.437038
28.652927
11.308051
13.255783
68.664673
55.458897
49.195187
28.666851
22.876089
36.023872
23.022007
50.810455
25.477150
76.772888
33.227200
88.082748
39.744682
22.555624
20.108267
66.945877
43.574417
13.402493
24.203438
19.408197
21.106602
34.922371
49.584152
29.584358
42.358673
10.389208
47.082207
33.554729
19.954641
27.140942
28.662209
212.912369
27.526356
6.293913
50.331345
20.825262
19.958166
1.129483
42.596378
23.962904
239.357254
7.849571
43.666698
43.076683
20.251234
49.735794
7.143920
41.457676
29.853474
29.878128
196.389557
24.259607
87.974327
301.014191
31.914825
43.023491
21.682194
25.262671
5.330288
24.117708
22.217316
29.947424
11.742606
21.572025
24.736673
8.148457
19.348804
45.327332
26.344053
43.037991
18.958969
13.593991
9.946034
25.198154
45.822643
12.403900
1.141425
21.732395
54.452492
36.178181
34.085289
58.658798
21.038265
32.388783
36.762520
20.131960
35.972576
27.481787
20.425869
30.971893
61.816917
33.210114
63.669308
37.243008
48.972363
165.524109
18.890316
33.604450
125.026741
16.268936
26.242798
21.137609
3.058170
24.662802
34.935684
70.211243
2.480800
48.298180
30.634209
28.871429
670.536255
34.452934
67.977440
36.060509
35.302132
