0.523869832
0.504082461
0.393257255
0.512224107
0.399181718
0.669913492
0.267560178
0.891774363
0.509767895
0.802815174
1.006416228
0.399876345
0.8033007
0.342433064
0.552761194
0.376777074
0.520540273
0.501010304
0.64868824
0.399047858
0.577849458
0.841299716
0.659417603
0.380063359
0.651723775
0.302621637
0.615355836
0.481576077
1.074041369
0.95005155
0.401133762
0.342464508
0.548564097
0.831263524
0.434099092
0.535615566
0.310170728
0.773128193
0.32355942
0.362544478
0.307926903
0.465698956
0.714470553
0.625211167
0.34103887
0.949427894
0.524383128
1.028412617
0.494953687
1.012499511
0.42578098
0.351688626
0.643563406
1.201786799
0.603448655
0.417926079
0.369838621
0.45677284
0.363017948
0.591094806
0.528797439
0.686161784
0.581041733
0.789054406
0.573960141
0.438926883
0.421284974
0.624869304
0.7672286
0.457438593
0.5023165
0.516507773
0.925544329
0.369640279
0.765882031
0.57272679
0.380853403
0.374962989
0.429540742
0.437976329
0.76600493
0.430244965
0.351702807
0.393868802
0.449022534
0.471586641
0.395835488
0.294752239
0.542467364
0.716025835
0.530759021
0.417892542
0.674269132
0.302310528
0.41893594
0.284643761
0.810875346
0.371812988
0.282218481
0.71890336
0.646500753
0.656560465
0.497293141
0.524059857
0.762421932
0.316474728
0.755737876
0.349397137
0.622982105
0.744728823
0.586131028
0.699215734
0.455332005
0.645770793
0.828887681
0.597957481
0.342812202
0.787955522
0.873578697
0.449749415
0.238696376
0.414102461
0.413126685
0.922668244
0.702426131
0.530834394
0.699661247
0.443797694
0.663168615
0.963246318
0.530252434
0.504894569
0.642248306
0.334206344
1.044932079
0.83249519
0.381239943
0.455733416
0.645771601
0.560115987
0.697199888
0.313972393
0.654644178
0.544238501
0.414799483
0.614687482
0.814796787
0.632890604
0.561159806
0.574669653
0.353722488
0.691259011
0.897453481
0.390861398
0.63586451
0.250507856
0.739622312
0.213114631
0.388130856
0.450365519
0.629608957
0.719058158
0.530060958
0.433222988
0.480355715
0.624379831
0.249018622
0.757079934
0.570110603
0.713235194
0.458824513
0.286464284
0.41556321
0.643896449
1.153550637
0.510507625
0.922842278
0.48159607
0.315092469
0.556115214
0.346585807
0.556905885
0.585029352
0.526355814
0.408134335
0.491665556
0.430561616
0.603774362
0.620946755
0.929810242
0.695450315
0.345505912
0.576566288
0.61215103
0.588835744
0.863323544
0.297821677
0.50739775
0.574056596
0.655826823
0.632133353
0.368954736
0.756547406
0.671397893
0.460245772
0.501993674
0.721578105
0.331905157
0.565365744
0.331637037
0.635783669
0.439382155
0.364159299
0.351360215
0.422614598
0.554490127
0.88437036
0.522496919
0.566162743
0.373115497
0.322508533
0.691238533
0.558460905
0.363048306
0.571420828
0.285532838
0.780832149
1.195799313
0.908343522
0.316097561
0.939317098
0.45695154
0.40915472
0.768214353
0.560161857
0.910047337
0.632996849
0.533186166
0.672676903
0.606350209
0.408377154
0.453679323
0.501895727
0.60993868
0.609775482
0.581235641
0.405837471
0.522339512
0.512962381
0.403987944
0.498093275
0.547761861
0.65822202
0.410707612
0.231566698
0.409059373
0.604568403
0.698948904
0.238488066
0.318572034
0.628153839
0.338845808
0.634220359
0.590363108
0.398040162
1.230100703
0.512723708
0.81754562
0.561088341
0.668855024
0.466789369
0.473031393
0.642066121
0.353678969
0.690632934
0.59404642
0.248217657
0.446477425
0.665358085
0.487356403
0.632106074
0.682297315
0.654428539
0.591135392
1.1573795
0.763130465
0.652961893
0.475487684
0.792336563
0.868539665
0.305971826
0.557653369
0.97434792
0.646673894
0.381027564
0.607329572
0.660901723
0.457881554
0.696117257
0.619691217
0.803011609
0.611116012
0.697062336
0.367517305
0.806768065
0.396146956
0.516167345
0.700966915
0.417447102
0.900610758
0.558002439
1.044267544
1.105919333
0.376481422
0.718819962
0.663896913
0.545122662
0.698012465
0.642528772
0.607837261
1.175998656
0.517013737
0.460765015
0.282214615
0.817718347
0.955459851
0.541052273
0.270410915
0.782841286
0.499578596
0.422158606
0.999428989
0.580611824
1.01851162
0.415856643
0.810646981
0.252651984
0.478880907
0.687795324
0.82620874
0.759793094
0.295232647
0.707532136
0.545899757
0.803042679
0.717841056
0.294602445
0.915527908
0.508042005
0.428225902
0.740401392
0.761694156
1.039943319
0.343462189
0.641930114
0.474466966
0.594545978
0.610721103
0.443948026
0.39650441
0.51644557
0.395620076
0.593806744
0.530823176
0.400868871
0.799555698
0.858815953
0.766049881
0.655776196
0.825589052
0.360552894
0.736865057
0.40766605
0.382548137
0.658183382
0.652630714
0.908072338
0.651262537
0.661921517
0.612536081
0.841560649
0.231927406
0.999696638
0.750874127
0.514202162
0.59013341
0.521291914
0.803340617
0.772448618
0.743270329
0.54729168
0.66630326
0.630270641
0.805607467
0.775220585
0.504610109
0.539226257
0.617146634
0.608587832
0.627290114
0.530595525
0.380719648
0.456468227
0.639406971
0.614769949
0.643806368
0.766641715
0.392632627
0.435121049
0.781758805
0.740520547
0.550225087
0.404307242
0.822513895
0.316732025
0.860844081
0.464707396
0.51157809
0.296188534
0.613367089
0.417154973
0.548850892
0.700196506
0.299141255
0.603940938
0.556910116
0.327410201
0.405933459
0.403441412
0.937759568
0.869390371
0.448426841
0.492642518
0.459348356
0.498764532
0.637353808
0.81511694
0.406244858
0.636539301
0.653087486
0.232993598
0.583961145
0.45475263
0.827852013
0.577209832
0.277987194
0.513442625
0.723894744
0.611125941
0.819083235
0.421821201
0.670542729
0.509431423
0.432900068
0.543500415
0.662176878
0.280118067
0.461479161
0.41783873
0.581976652
0.495523043
0.602541505
0.565712942
0.415455891
0.274486651
0.359632015
0.54852143
0.449453954
0.747661305
0.422027042
0.382705659
0.954423136
0.564814114
0.687015276
0.860238368
0.472078238
1.170647229
0.391523891
0.470262958
0.585142316
0.504974643
0.523763905
0.468680395
0.668008634
0.651149589
0.417921736
0.408705445
0.636492108
0.290818464
0.416661495
0.627108276
0.637602632
0.433574626
0.663914031
0.778982772
0.495044955
0.652721213
0.647153224
0.574329866
0.602361222
0.531261815
1.061187315
0.357126504
0.649401583
0.632712086
0.419420656
0.876397936
0.421578716
0.558190177
0.402919756
0.583086018
0.825823243