3.642789
3.934472
6.465161
3.810360
6.274650
2.227243
13.967734
1.256448
3.847177
1.550561
0.986290
6.252866
1.548686
8.527028
3.271841
7.043190
3.689552
3.982884
2.375446
6.278861
2.993819
1.411858
2.298741
6.921899
2.353360
10.918432
2.639872
4.310915
0.865878
1.106913
6.213720
8.525462
3.322114
1.446180
5.305672
3.484729
10.393375
1.672004
9.550947
7.607121
10.545412
4.609940
1.957986
2.557271
8.596897
1.108369
3.635659
0.944508
4.080980
0.974462
5.515041
8.084062
2.413445
0.691381
2.745119
5.724337
7.309978
4.791912
7.587288
2.861106
3.575196
2.122963
2.961002
1.605150
3.034544
5.189577
5.633405
2.560071
1.697832
4.777971
3.962192
3.747403
1.166362
7.317826
1.703811
3.047632
6.893207
7.111515
5.418900
5.212132
1.703264
5.401172
8.083410
6.445097
4.958795
4.495525
6.381202
11.509277
3.397230
1.949485
3.548811
5.725256
2.198548
10.940918
5.696768
12.341316
1.519869
7.232540
12.554358
1.933902
2.391555
2.318800
4.042664
3.640147
1.719320
9.983399
1.749885
8.190460
2.575611
1.802033
2.909788
2.044397
4.822293
2.396967
1.454488
2.795787
8.508175
1.609633
1.309376
4.942776
17.550262
5.830555
5.858135
1.173651
2.025743
3.547803
2.041793
5.076266
2.272799
1.076768
3.555597
3.921822
2.423343
8.952042
0.914849
1.441901
6.879234
4.813800
2.396961
3.186455
2.056242
10.143183
2.332401
3.375148
5.810973
2.645618
1.505265
2.495564
3.174608
3.027053
7.991353
2.091755
1.240584
6.544675
2.472266
15.934192
1.827016
22.016777
6.637098
4.929259
2.521657
1.933069
3.558167
5.327157
4.332852
2.564088
16.125360
1.743683
3.075676
1.964778
4.749144
12.184940
5.789630
2.410948
0.750496
3.836033
1.173208
4.310557
10.071191
3.232482
8.323889
3.223307
2.920761
3.608451
6.002351
4.135761
5.393229
2.742157
2.592530
1.155675
2.066606
8.376010
3.007164
2.667596
2.883109
1.340692
11.273243
3.883212
3.033524
2.323993
2.501549
7.345049
1.746140
2.217401
4.719852
3.967291
1.919584
9.076620
3.127535
9.091304
2.472895
5.178826
7.539796
8.099183
5.598007
3.251463
1.277591
3.661963
3.118733
7.182125
9.613298
2.091879
3.205376
7.586019
3.061583
12.264574
1.639154
0.698332
1.210992
10.007240
1.132380
4.788164
5.972445
1.693475
3.185933
1.206458
2.494726
3.516566
2.208973
2.718900
5.995214
4.857498
3.968840
2.686990
2.688429
2.959026
6.070496
3.664171
3.799397
6.126216
4.029683
3.331855
2.307103
5.927359
18.647667
5.975230
2.734956
2.045959
17.580936
9.852368
2.533358
8.708551
2.485106
2.868205
6.310698
0.659874
3.802936
1.495153
3.175417
2.234301
4.588423
4.468100
2.424719
7.993320
2.095551
2.832735
16.229603
5.015502
2.257859
4.209238
2.501765
2.147091
2.333939
2.860713
0.745532
1.716127
2.344440
4.422046
1.591871
1.324625
10.680620
3.214669
1.052348
2.390274
6.886906
2.710135
2.288424
4.768729
2.062646
2.603050
1.549802
2.676643
2.057054
7.402625
1.535394
6.371170
3.752349
2.034190
5.737483
1.231894
3.210647
0.916015
0.816623
7.054258
1.934351
2.267813
3.364205
2.051455
2.421227
2.705608
0.722080
3.740070
4.709218
12.554702
1.494521
1.094406
3.415029
13.674763
1.630746
4.005751
5.610109
1.000143
2.965390
0.962980
5.781461
1.520726
15.664872
4.359587
2.112886
1.463942
1.731245
11.471848
1.996596
3.354631
1.549682
1.939633
11.520985
1.192045
3.873367
5.452234
1.823171
1.722609
0.923657
8.475999
2.425747
4.441097
2.827975
2.680107
5.072828
6.359686
3.748306
6.388154
2.835023
3.547953
6.221936
1.563237
1.354813
1.703064
2.324352
1.466142
7.691403
1.840722
6.016151
6.832258
2.307374
2.346821
1.211716
2.356696
2.281375
2.664242
1.410982
18.589705
0.999607
1.772641
3.781093
2.870439
3.678917
1.548532
1.674949
1.809116
3.337584
2.251455
2.516363
1.539824
1.662985
3.926246
3.438204
2.624568
2.698936
2.540342
3.550999
6.898052
4.798311
2.444937
2.644908
2.411623
1.700434
6.485751
5.280774
1.635268
1.822584
3.302081
6.116542
1.477133
9.967184
1.348432
4.629638
3.819992
11.397915
2.657025
5.745523
3.318642
2.038671
11.173996
2.740644
3.223258
9.327581
6.067625
6.142828
1.136148
1.322032
4.971981
4.119370
4.738316
4.018841
2.460721
1.504082
6.058325
2.467025
2.343538
18.419950
2.931460
4.834591
1.458132
3.000460
12.939481
3.792291
1.907311
2.676556
1.489541
5.619089
2.223063
3.852262
5.335109
3.384324
2.279615
12.743352
4.694651
5.726731
2.951493
4.071605
2.753394
3.123696
5.792622
13.271647
7.730848
3.322631
4.949278
1.787917
5.613608
6.826634
1.096787
3.133649
2.117689
1.350333
4.486165
0.728706
6.522542
4.520874
2.919633
3.920578
3.644263
4.551463
2.239969
2.357514
5.724456
5.985585
2.467391
11.822772
5.759143
2.541816
2.458800
5.318518
2.267696
1.646951
4.079475
2.346170
2.386733
3.030637
2.755043
3.542095
0.887006
7.839718
2.370228
2.496973
5.683606
1.300959
5.625556
3.208487
6.158747
2.940269
1.465310
