1.015658
1.187478
1.094408
0.906801
0.901071
1.097733
0.840730
1.027327
0.897838
0.857439
0.911944
0.852009
1.321196
0.909491
0.932909
1.007415
0.906546
1.220304
0.931238
0.834669
0.977041
1.097747
1.031848
1.092240
0.988624
1.087112
0.869064
0.921389
1.066152
1.240595
0.938851
1.021126
1.115033
0.892785
0.756486
0.902871
0.777223
0.877084
0.819309
0.780356
1.396021
0.931437
1.162469
0.961989
0.911291
1.146936
0.972695
1.139040
1.470105
1.075764
1.020170
0.851336
0.842170
1.063870
1.062329
0.827708
0.933088
0.860160
0.888285
1.109623
1.001476
1.125276
0.920350
1.142903
1.007237
1.157108
0.888599
1.155684
1.046339
0.851426
1.016329
0.848410
0.981402
0.878866
1.035182
0.867680
0.766180
0.801083
0.846305
1.202493
1.030627
0.711718
0.829140
1.054657
0.886313
0.950629
1.187824
1.252149
1.204767
0.907768
1.161832
0.843880
1.283953
1.031635
1.336300
0.791514
1.187122
0.914305
1.134679
0.804715
1.134336
1.146660
1.143323
0.991210
0.868127
0.834970
1.049690
0.783130
1.128212
1.177358
1.235515
1.187312
1.264444
0.962116
1.162643
1.039186
0.855527
0.979712
0.999941
1.110905
0.840353
0.892742
0.873589
0.924015
0.947302
0.984107
1.121074
1.091196
1.071978
1.009990
0.918320
0.905093
0.866870
0.860647
0.855267
1.102544
0.760387
0.885604
0.885017
1.162112
1.183830
0.795104
1.148467
0.915350
0.849241
1.181998
0.865822
0.830198
1.070136
0.935964
0.888588
1.016762
0.869111
0.832848
1.154833
0.895099
0.943582
0.898203
1.370899
0.873673
1.301648
1.022841
1.049511
0.963375
0.890922
1.145685
0.861346
0.893586
1.138618
1.078806
0.857134
0.924102
0.992746
1.006796
1.057569
0.794551
1.030112
0.917287
0.990359
1.008062
0.831477
1.328863
1.157925
1.142610
0.782775
0.902306
0.814509
1.304134
0.846437
0.935584
0.899734
0.951332
0.923411
1.065136
1.172570
0.867366
0.848904
0.868050
1.033251
0.847480
1.286833
0.760265
1.044892
1.260336
0.864574
0.938049
0.871019
0.822493
0.978527
0.945839
1.065927
0.836631
0.866174
0.898154
1.255879
0.815277
1.123890
1.356590
1.254539
0.907375
0.958981
1.029421
1.065030
0.905390
1.005081
0.866423
1.098500
0.938403
0.734468
1.126397
0.865098
0.775431
0.867713
1.043824
1.087961
0.914500
0.918448
0.898836
0.931507
0.947592
0.975776
0.984871
0.871587
1.003720
1.035655
0.991262
0.799508
1.143873
1.295314
0.928437
1.119503
1.414174
1.043430
0.828910
0.876120
0.887720
1.299471
1.169084
0.823746
0.891882
0.783133
1.176837
0.988346
0.930746
0.869070
0.963430
0.948008
1.070858
1.119757
1.054534
1.189341
0.906562
0.759081
0.945823
1.244689
1.370859
0.876885
0.808643
0.931306
1.036421
1.003659
0.974526
0.904105
0.809087
1.168155
0.890431
1.344189
1.034444
0.922745
1.149267
0.823135
0.822379
0.862149
1.236205
0.774136
0.856425
0.771842
1.060265
0.984221
0.919913
0.981444
1.298935
1.094629
0.930641
0.922670
1.236839
1.070243
0.874252
0.824370
1.259813
0.873729
0.848982
1.097960
0.873510
0.845732
1.254793
0.975577
0.870540
0.837742
1.074380
0.978280
0.816833
1.535463
0.871923
0.995394
1.111256
0.820123
0.784125
1.035815
0.837651
1.146326
1.152779
1.091796
1.006374
0.824819
0.898334
0.749480
0.960023
1.282246
0.954961
0.985795
0.802779
0.982533
0.948813
1.158728
0.974558
0.930909
0.945787
0.988987
0.882701
1.122599
0.877209
0.997839
0.873151
1.118810
1.012811
1.182127
1.092149
0.891211
0.810571
0.989335
0.878775
0.883618
0.823288
1.133787
0.989128
1.115723
0.976596
0.880065
1.221004
0.858545
0.973641
0.871234
1.042845
1.003435
0.812875
1.041206
1.171391
0.975471
1.048342
0.931143
0.972260
0.813582
0.981477
0.968680
1.065653
1.044645
0.922076
0.975770
0.991348
1.069792
0.941490
1.013893
0.916130
1.149931
0.890502
0.870949
1.009883
1.262564
1.225739
1.089176
1.100222
1.095495
1.014903
1.226004
1.058095
0.950011
0.854329
1.006353
0.921093
1.025263
0.867336
0.855472
0.931015
0.851020
0.922752
1.194498
0.962936
0.869076
1.036635
0.885748
0.992833
0.945133
1.009567
0.877790
1.171763
0.850452
0.974907
1.296448
1.120099
1.097181
0.902044
0.854253
0.898725
1.133370
1.236450
0.953809
0.931369
1.131468
1.192526
0.881765
0.953420
0.929303
1.083819
1.011431
0.851182
1.244879
1.105096
1.395462
1.081065
0.906072
0.961524
0.896964
0.865152
0.924332
0.804904
0.718633
0.860557
0.922730
0.895902
1.111808
1.022350
0.819223
0.906800
0.906238
1.026929
0.923834
1.032760
0.853696
1.426026
0.880445
1.152223
1.022139
0.849841
1.161293
0.959698
1.118897
0.932707
0.995433
1.048299
0.915677
1.017284
0.792349
0.949152
1.114535
0.839204
1.255835
0.904217
0.893753
0.807866
1.061616
1.155656
1.006649
1.163709
0.997588
0.920236
0.918726
0.961424
0.921255
1.269560
0.873652
0.925395
1.293638
1.231850
0.982240
0.876241
1.030431
0.923515
0.829393
0.960508
0.905652
1.093318
