1.146590
0.782345
1.482555
1.004895
1.792258
0.548389
2.421195
0.398478
1.106580
0.491514
0.362716
1.825539
0.306161
1.837748
0.886801
1.525918
1.193849
0.914184
0.777144
1.266760
1.030391
0.457930
0.717885
1.252962
0.802830
1.792749
0.763364
1.149123
0.280473
0.321359
1.709350
1.525153
0.993572
0.454029
1.348192
0.925630
2.317950
0.471630
1.997012
1.754297
1.108978
1.338545
0.686974
0.708134
2.353261
0.418455
0.963616
0.333567
0.839391
0.366817
1.151448
1.821567
0.733391
0.245782
0.890254
1.280933
1.437017
1.226485
1.357427
0.703587
1.045459
0.664184
0.883427
0.487347
0.723157
1.168130
1.256185
0.667564
0.488024
1.077266
1.087923
0.806999
0.377422
1.496931
0.531042
0.861600
1.526874
1.796018
1.674939
1.089083
0.554149
1.332197
1.558463
1.239203
1.197099
1.231715
0.929719
1.551917
0.728592
0.678475
0.919899
1.547816
0.518338
1.850996
1.025550
1.968818
0.468704
1.370021
1.878137
0.562199
0.681608
0.605100
0.786225
0.891041
0.492606
2.050281
0.554298
1.820273
0.750268
0.638091
0.791314
0.518961
0.987815
0.866429
0.501963
1.036484
2.159977
0.632834
0.457104
1.195266
2.816054
1.524280
1.401268
0.470869
0.669545
1.108901
0.582373
1.234078
0.691574
0.434192
0.861681
1.001950
0.785559
1.806128
0.363339
0.432418
1.841686
1.493904
0.700197
0.760088
0.686262
2.144173
0.741825
1.232621
1.309095
0.797172
0.496990
0.755468
0.803299
0.954623
1.576810
0.640614
0.463713
1.180613
0.641674
2.197204
0.513354
3.154037
1.203350
1.113433
0.693730
0.659189
1.108707
1.304799
0.991479
0.615148
2.551498
0.559661
0.783146
0.553962
1.280005
2.157206
1.669221
0.729192
0.328927
1.021515
0.423320
1.409781
2.484510
0.911180
1.726879
0.744558
0.783620
0.944385
1.528427
0.997186
1.548474
0.649322
0.891666
0.550912
0.817409
1.782240
0.770081
0.707410
0.671224
0.542292
2.018198
1.169550
0.949276
0.787659
0.562999
1.957968
0.521343
0.594825
1.175994
1.046912
0.637228
1.635107
0.885049
1.852161
0.814358
1.457219
1.591368
1.931247
1.077205
1.063589
0.355139
0.712267
0.952293
1.785484
1.741969
0.708785
0.841013
1.581171
0.835969
2.797452
0.565014
0.234165
0.440864
1.847974
0.410956
1.281944
1.443672
0.550349
0.934407
0.422169
0.733818
0.995207
0.769667
0.927649
1.253822
1.161996
0.966015
0.688943
0.696017
0.942257
1.463471
1.046593
0.807118
1.383572
1.294752
0.818250
0.734777
1.582696
2.515146
1.700771
0.578530
0.558150
2.981908
1.775498
0.759539
1.503757
0.738904
0.897501
1.820269
0.261330
1.116152
0.531201
0.856568
0.616560
1.099863
1.366579
0.584793
1.887642
0.639575
0.631060
2.674072
1.582498
0.774484
1.156140
0.692393
0.682832
0.740856
0.772350
0.289468
0.513473
0.545392
1.080748
0.482712
0.406911
2.193360
0.695735
0.361394
0.659297
1.741041
0.900751
0.658279
1.271655
0.698142
0.616951
0.541990
0.768232
0.627260
1.604417
0.580311
1.379800
0.976737
0.647842
1.324676
0.404619
0.975147
0.378677
0.256565
1.898244
0.779217
0.582267
0.950426
0.769643
0.757922
0.777121
0.274525
1.129414
1.043488
1.955297
0.501460
0.344369
0.959139
2.306668
0.510685
1.176123
1.079979
0.305086
0.853874
0.357214
1.587552
0.598006
2.401311
0.773928
0.623743
0.535472
0.549672
2.023473
0.510072
0.917076
0.441584
0.756607
1.953306
0.496763
1.065872
1.392101
0.633997
0.626308
0.343507
1.826434
0.712569
1.507481
0.737360
0.855059
1.277288
1.693899
1.308984
1.770764
0.847212
1.192327
1.867274
0.606732
0.385009
0.687451
0.746141
0.430243
1.915155
0.537797
1.461508
1.479996
0.678013
0.637567
0.419170
0.633610
0.719443
0.912907
0.447282
2.316448
0.418004
0.622765
1.098405
0.709379
1.240718
0.531307
0.580721
0.507140
0.988486
0.805269
0.805632
0.462380
0.428754
1.209973
1.090346
0.905729
0.571078
0.780594
0.821488
1.262015
1.102825
0.801336
0.619905
0.732966
0.534242
1.375174
1.488770
0.562161
0.645667
0.913525
1.445528
0.480541
2.052382
0.438672
1.043706
0.941718
2.264774
0.807063
1.417968
1.141515
0.591357
2.131955
0.779254
0.948373
1.802256
1.180877
0.924490
0.356340
0.422981
1.370469
1.116971
1.242877
1.172127
0.699214
0.623888
1.917415
0.664267
0.742362
2.894070
0.964936
1.397906
0.428920
0.760305
2.397417
0.737036
0.500091
0.607032
0.419883
1.273492
0.612274
1.356363
1.070334
0.863242
0.740501
2.444312
1.292362
1.578421
0.803488
0.892968
0.905455
0.815170
1.223485
2.541491
1.499026
0.953274
1.144566
0.628863
1.182084
1.597280
0.328064
0.877540
0.653283
0.495690
1.178475
0.239245
1.431724
1.122025
0.751051
1.064923
0.929022
1.205296
0.668308
0.678141
1.583320
0.958459
0.707844
1.969698
1.354429
0.710837
0.655973
1.534745
0.669868
0.522023
1.023895
0.763411
0.654310
1.194496
0.715066
0.958264
0.319260
1.327209
0.642622
0.684366
1.461768
0.463987
1.348110
0.856029
1.425972
0.786603
0.482602
