0.036106
0.029019
0.022331
0.022131
0.097299
0.097218
-0.031828
0.011369
0.053974
-0.025195
0.015640
0.034637
0.149911
0.018168
-0.037906
0.063942
0.031965
0.026526
0.026229
0.141957
0.070989
0.051624
0.039199
-0.005487
0.083559
0.067526
-0.046436
0.074350
0.018010
0.009430
-0.004478
-0.037254
-0.080096
0.023835
0.070077
0.058305
0.044044
-0.039608
0.042911
0.020683
-0.047906
0.046080
0.082546
-0.043832
-0.009020
0.088640
0.083097
-0.042327
0.085129
0.024911
-0.002337
-0.010088
-0.020605
0.022942
0.092922
0.054283
-0.000002
0.001745
-0.037768
-0.037480
0.070746
0.039589
-0.055514
-0.000517
0.045814
-0.021226
0.034304
0.023968
-0.096332
-0.085803
0.069861
0.015396
-0.015399
0.024555
-0.022344
-0.029029
0.044764
0.149138
0.073242
-0.100349
0.074357
-0.073456
0.020819
0.030631
-0.032581
0.016571
0.007958
-0.006801
0.155020
-0.089343
0.019422
0.026622
-0.018796
0.041286
0.030829
-0.014236
0.000976
0.015780
0.084379
-0.040318
0.050525
0.038196
0.050061
0.010194
-0.034052
-0.011155
0.059154
-0.028237
-0.014774
0.046385
0.082863
0.042790
-0.015998
0.063446
0.054907
0.036878
0.007895
0.049942
-0.059807
0.180243
0.065275
-0.012314
-0.054493
-0.032631
0.037692
0.107464
-0.037509
0.035308
-0.031774
0.014993
-0.034233
0.005281
-0.000968
0.077830
0.036317
0.012767
-0.027500
0.025672
0.016535
-0.013670
0.017512
0.005254
0.042352
0.038788
-0.012902
0.122483
-0.053878
-0.001364
-0.011464
0.094159
0.027228
-0.059738
0.012019
-0.015039
-0.039697
0.010803
0.033954
0.005943
-0.048775
0.011947
0.110248
-0.052547
0.008890
-0.061006
-0.032217
0.021836
0.064315
-0.063361
0.005194
0.029208
-0.006835
0.015209
0.091926
0.089933
0.018965
-0.012589
0.047427
0.027658
0.055825
0.067510
-0.007563
0.085393
0.004086
0.059022
-0.026253
-0.029572
0.053235
-0.016823
-0.007907
0.028900
-0.036649
0.128612
0.037519
0.044628
0.079244
-0.032850
-0.010249
0.014500
-0.064031
0.016686
-0.040949
0.042481
0.040161
0.043424
-0.052474
0.002378
-0.043463
-0.100104
-0.029211
0.147788
-0.025486
-0.055432
0.067315
0.027918
0.099167
-0.024948
0.006002
-0.028989
0.049622
0.026715
0.007753
-0.018838
0.035942
-0.004996
0.066276
0.045007
0.070151
-0.014806
0.035558
0.060202
-0.026113
-0.017841
-0.056286
-0.049066
0.054688
-0.086436
0.036780
0.094022
0.006021
0.047989
0.037786
0.046661
0.046678
0.036472
0.102201
0.057194
-0.010849
0.023285
0.005469
0.022985
0.020431
0.100691
0.011225
0.043413
0.017352
0.045576
-0.083945
0.007787
-0.076074
-0.025653
-0.008608
-0.031638
-0.103989
0.048014
-0.015628
-0.025404
0.003392
-0.100857
0.018857
-0.021664
0.153220
0.022608
-0.104836
0.070477
0.095641
0.109286
0.005443
0.015143
0.020326
0.010204
0.008368
-0.086178
0.021722
-0.032717
0.093662
-0.040142
0.068961
0.103721
0.020496
-0.072106
-0.110313
-0.015668
-0.077395
-0.043702
0.060219
0.011301
-0.040232
0.121537
0.056290
-0.008932
-0.029716
-0.055357
-0.033337
-0.017895
0.051026
0.113256
0.071130
-0.050027
-0.090132
0.065366
0.033405
0.046211
0.034231
0.030965
-0.032964
0.054084
0.004773
-0.062754
-0.013651
-0.023235
-0.044504
0.009248
0.080031
0.056996
-0.018942
-0.047805
-0.070500
-0.011618
-0.035877
0.044068
0.043529
0.021849
0.017117
-0.000125
0.084895
-0.038156
0.011494
0.049844
0.110091
-0.038444
-0.006252
0.044741
0.105576
-0.015808
-0.051274
0.042355
0.106307
-0.063282
-0.009651
-0.009518
0.070745
-0.026431
0.000792
0.044483
-0.067999
-0.012353
0.141092
-0.012872
0.003188
-0.006889
-0.021227
0.047841
0.015818
-0.090760
0.087839
0.068614
-0.025103
0.018434
0.029724
0.106841
0.030036
0.056576
-0.006289
0.054727
0.102314
-0.007287
-0.016566
0.025305
-0.039081
-0.012210
0.057333
0.100536
0.000582
0.016760
0.087439
0.047029
0.024689
0.022383
0.012137
0.006264
0.151777
0.018579
-0.016572
-0.032142
-0.103591
0.058262
-0.052301
0.019410
-0.000492
-0.004537
0.038764
0.029533
0.017497
-0.069390
0.023478
-0.062059
-0.049766
-0.067859
0.009205
-0.025942
0.064761
-0.053730
0.010363
-0.015313
0.026543
-0.019028
0.029963
0.058860
-0.020911
0.054980
-0.008745
0.055825
-0.031312
-0.048745
-0.015193
0.095668
0.037703
-0.012148
-0.006369
0.068559
-0.030549
-0.002920
-0.060651
0.035469
0.020609
-0.025927
-0.039234
0.115161
-0.068454
0.049482
0.065706
0.004962
-0.034888
0.045271
-0.020806
0.066919
0.101181
0.050583
-0.012679
0.024711
-0.063943
0.085668
0.017330
0.025515
-0.030497
-0.060747
-0.137229
0.006096
-0.018494
-0.038980
0.035822
0.073373
0.003548
0.102681
0.190981
0.072704
-0.015894
0.115045
0.007912
0.169259
0.080216
-0.041190
-0.017007
-0.019329
-0.057138
0.009409
0.000873
0.081987
-0.023031
0.011141
0.021224
0.035261
-0.030989
0.073532
0.012545
-0.011052
-0.050259
0.056978
-0.001279
0.008936
-0.013474
0.048439
0.117399
0.015983
0.064347
-0.000963
0.026263
0.071858
-0.030895
-0.014727
0.006325
-0.005776
0.110453
-0.005451
0.017527
-0.020858
-0.041676
0.020280
-0.057013
0.146410
0.004958
-0.026971
