0.000000
0.165807
12.538368
0.000000
6.893158
0.000000
0.000000
0.000000
7.629621
11.900918
0.455614
6.916756
8.632554
6.667549
8.750426
25.454538
0.000000
0.000000
10.813525
0.000000
0.000000
0.000000
7.623306
9.602310
0.000000
25.056761
2.360266
0.000000
0.000000
0.000000
7.096354
11.962208
8.713270
0.000000
0.000000
36.593681
57.340935
3.440546
20.717417
13.065172
34.309677
16.323858
0.000000
0.000000
6.634992
9.279737
0.000000
0.000000
22.967140
18.904058
2.504598
0.000000
13.209615
5.751864
0.000000
0.000000
29.434105
14.235177
0.000000
0.000000
0.000000
9.416956
3.184507
0.000000
0.000000
0.000000
2.550973
0.793034
25.168312
8.154275
0.000000
10.757331
7.021466
0.000000
0.000000
4.094426
8.081863
10.214778
8.143433
0.000000
2.282846
0.000000
0.000000
13.161307
0.000036
9.268456
7.335715
11.078321
0.000000
0.000000
0.000000
0.000000
10.706451
24.825544
57.623569
27.058809
0.000000
10.685669
0.000000
0.000000
0.000000
12.638283
0.000000
20.957745
21.912016
0.000000
31.301916
21.298195
0.000000
0.000000
0.000000
0.056004
9.444738
0.000000
4.093977
8.085504
13.963221
17.271961
0.000000
16.978739
0.064789
0.000000
15.462427
0.000000
10.411564
15.180118
0.000000
5.306730
0.000000
0.000000
0.000000
0.000000
0.000000
7.131302
2.496275
0.000000
0.000000
13.886022
7.714229
0.000000
11.800598
0.000000
9.788917
23.193712
8.250177
0.154753
0.000000
0.000000
15.767088
2.603048
0.000000
0.000000
1.552573
0.000000
0.561962
14.142766
0.051264
0.000000
0.000000
34.342705
11.560162
0.000000
0.000000
11.168694
0.000000
7.001120
0.000000
2.738847
2.235626
9.044920
10.712718
0.000000
1.609551
2.163821
14.090233
5.518743
0.000000
3.180742
0.000000
0.000000
0.000000
0.000000
0.000000
0.000000
3.836198
0.118402
0.000000
0.000000
0.000000
0.000000
18.881929
10.617304
0.000000
0.000000
17.574162
9.521946
11.041373
0.000000
16.619200
0.000000
6.139627
0.000000
0.000000
1.227879
11.033700
4.716250
0.000000
35.300564
12.983613
0.000000
0.000000
0.000000
5.036978
3.867805
19.493189
0.000000
0.000000
7.987780
15.313486
0.000000
0.000000
16.134258
2.569284
5.205101
12.817771
10.479730
15.738908
0.000000
7.230734
12.571239
0.000000
0.000000
0.000000
0.000000
3.121549
0.000000
0.000000
0.000000
30.275785
0.000000
23.048077
20.162216
13.725281
8.407807
5.922609
6.632411
3.591910
0.305709
4.194404
0.000000
8.168874
0.000000
0.000000
17.180264
9.549557
16.652414
0.000000
20.617472
0.000000
0.000000
0.000000
22.370100
2.946632
35.700020
0.000000
0.000000
0.000000
7.776336
0.000000
0.000000
33.501026
33.089287
9.362738
6.215924
0.000000
0.000000
32.746517
13.750122
14.689209
0.000000
0.000000
18.657867
0.000000
6.381610
0.000000
0.000000
0.000000
2.824310
9.115430
6.097150
7.154916
0.000000
13.805121
12.913750
0.000000
11.670613
0.000000
0.000000
7.581736
0.000000
5.814985
0.000000
0.000000
6.374500
0.000000
0.000000
35.099041
0.000000
6.558297
7.723111
2.160396
12.391128
33.238106
0.000000
9.709117
13.249864
0.000000
7.047665
0.000000
0.000000
0.000000
0.000000
7.033115
0.000000
0.000000
1.399056
0.000000
12.508758
0.000000
0.000000
15.926600
7.410656
7.272401
5.819687
0.000000
0.000000
28.367142
0.000000
10.814857
6.730109
1.869278
4.545937
8.021056
27.334396
0.000000
0.000000
0.000000
10.014235
7.732396
0.000000
0.000000
15.113028
7.439156
0.000000
19.125967
4.364157
0.000000
0.000000
6.142993
0.000000
0.000000
16.878899
0.000000
13.168921
2.714999
18.697811
6.621963
0.000000
15.682614
0.000000
0.000000
0.000000
10.380825
6.361597
13.976633
0.000000
3.321803
0.000000
49.644035
202.553452
12.576342
0.000000
0.000000
0.000000
8.788780
0.000000
0.000000
13.070381
12.464692
6.745620
8.883930
26.351130
10.172091
0.000000
9.311337
12.871860
0.627874
0.000000
9.306839
28.051647
0.000000
10.893727
22.811733
31.719805
0.000000
7.115574
4.208739
20.739046
0.029426
10.217443
0.000000
0.000000
0.000000
9.209353
0.000000
17.917105
14.255972
0.000000
17.603258
13.504705
0.000000
0.000000
12.179228
0.000000
0.000000
0.000000
3.013600
17.071705
0.000000
0.000313
9.780059
4.069339
7.806866
15.604691
10.299079
15.431527
0.000000
7.203356
10.096828
13.196029
0.000000
6.483449
0.467192
0.000000
5.485561
15.853868
3.830097
9.007587
0.000000
2.994839
7.754612
9.205812
9.157887
17.131134
10.012845
0.000000
7.779696
0.000000
16.457535
10.445618
16.339003
9.840672
5.979391
0.000000
3.449536
0.000000
28.154617
2.484748
0.000000
22.600391
14.052368
10.660107
69.804749
0.000000
10.753324
0.000000
0.000000
4.374815
0.000000
6.039816
0.000000
5.864026
0.000000
22.245611
0.000000
13.236884
7.969313
0.000000
14.618912
0.000000
0.053601
1.348635
10.121969
16.687702
10.954100
0.000000
2.550132
0.000000
18.848886
4.313501
12.712045
17.993574
28.068556
0.000000
10.223292
0.330413
12.337320
0.000000
32.837009
7.162724
9.874544
0.000000
