31.6227766
1.529767474
0.313676394
31.6227766
0.379953306
31.6227766
31.6227766
31.6227766
0.144533682
0.220191958
0.735855692
0.333995933
0.301699527
0.464845094
0.209899692
0.152754772
31.6227766
31.6227766
0.267974756
31.6227766
31.6227766
31.6227766
0.245221931
0.241082988
31.6227766
0.16214535
0.367460083
31.6227766
31.6227766
31.6227766
0.400468502
0.277247599
0.289445482
31.6227766
31.6227766
0.063887789
0.046751054
0.366004727
0.141520557
0.207755532
0.110298124
0.152950141
31.6227766
31.6227766
0.305517475
0.24978703
31.6227766
31.6227766
0.1805361
0.153111759
0.500794264
31.6227766
0.29456116
0.182757514
31.6227766
31.6227766
0.090209835
0.151130347
31.6227766
31.6227766
31.6227766
0.292176309
0.424649162
31.6227766
31.6227766
31.6227766
0.386674301
0.749303144
0.123149607
0.255663794
31.6227766
0.256463064
0.344807886
31.6227766
31.6227766
0.346993608
0.254524375
0.247457695
0.415028305
31.6227766
0.442036804
31.6227766
31.6227766
0.201622713
31.12864032
0.192413228
0.45774525
0.299881083
31.6227766
31.6227766
31.6227766
31.6227766
0.300652799
0.106762986
0.049925891
0.115524818
31.6227766
0.326192493
31.6227766
31.6227766
31.6227766
0.171353973
31.6227766
0.155798636
0.169498988
31.6227766
0.131514378
0.182200717
31.6227766
31.6227766
31.6227766
2.609934308
0.244899891
31.6227766
0.251021666
0.321244576
0.281148099
0.177204563
31.6227766
0.167934938
2.107679324
31.6227766
0.205521015
31.6227766
0.311782826
0.141379251
31.6227766
0.430491632
31.6227766
31.6227766
31.6227766
31.6227766
31.6227766
0.201893416
0.307445185
31.6227766
31.6227766
0.268556922
0.18866498
31.6227766
0.295847759
31.6227766
0.235567116
0.13189651
0.526723757
1.287973401
31.6227766
31.6227766
0.145570108
0.223299381
31.6227766
31.6227766
0.475696483
31.6227766
1.070361404
0.166625982
2.63550593
31.6227766
31.6227766
0.122201697
0.242570051
31.6227766
31.6227766
0.290403459
31.6227766
0.34730273
31.6227766
0.34570575
0.409284067
0.182012552
0.298091673
31.6227766
0.270899422
0.338127266
0.153295961
0.224028626
31.6227766
0.280826361
31.6227766
31.6227766
31.6227766
31.6227766
31.6227766
31.6227766
0.267430235
2.19310375
31.6227766
31.6227766
31.6227766
31.6227766
0.214489936
0.112815293
31.6227766
31.6227766
0.131214993
0.297183434
0.217161149
31.6227766
0.178450526
31.6227766
0.337819736
31.6227766
31.6227766
0.317844205
0.283980665
0.499666521
31.6227766
0.099451033
0.283180783
31.6227766
31.6227766
31.6227766
0.446165801
0.223949147
0.157508796
31.6227766
31.6227766
0.554169981
0.173030371
31.6227766
31.6227766
0.238090156
0.262310036
0.237293267
0.164612575
0.31205155
0.220967503
31.6227766
0.339993555
0.230126207
31.6227766
31.6227766
31.6227766
31.6227766
0.375595577
31.6227766
31.6227766
31.6227766
0.118079309
31.6227766
0.143540548
0.152468861
0.202667714
0.31778923
0.309034907
0.346354728
0.261487027
0.85413449
0.24137252
31.6227766
0.295774726
31.6227766
31.6227766
0.216617658
0.248768603
0.111849382
31.6227766
0.141548093
31.6227766
31.6227766
31.6227766
0.138275921
0.30647941
0.101996998
31.6227766
31.6227766
31.6227766
0.281041067
31.6227766
31.6227766
0.094534957
0.100122696
0.205739028
0.457384043
31.6227766
31.6227766
0.106979192
0.191407209
0.188191184
31.6227766
31.6227766
0.129451832
31.6227766
0.319970267
31.6227766
31.6227766
31.6227766
0.422588598
0.249037795
0.476843312
0.293670166
31.6227766
0.214580072
0.199531861
31.6227766
0.322187153
31.6227766
31.6227766
0.383844721
31.6227766
0.261243182
31.6227766
31.6227766
0.273782926
31.6227766
31.6227766
0.11351138
31.6227766
0.419455227
0.22479286
0.348478068
0.259686287
0.100934359
31.6227766
0.29393783
0.225699871
31.6227766
0.210906294
31.6227766
31.6227766
31.6227766
31.6227766
0.176150771
31.6227766
31.6227766
0.556247088
31.6227766
0.255538043
31.6227766
31.6227766
0.235040606
0.33290409
0.364699848
0.418968148
31.6227766
31.6227766
0.107445484
31.6227766
0.297550134
0.380123076
0.509166091
0.669099175
0.315659208
0.098859967
31.6227766
31.6227766
31.6227766
0.298690952
0.167919095
31.6227766
31.6227766
0.118815719
0.354493758
31.6227766
0.118480267
0.336268427
31.6227766
31.6227766
0.181268877
31.6227766
31.6227766
0.183399463
31.6227766
0.312982837
0.321298229
0.196662873
0.436280741
31.6227766
0.190796836
31.6227766
31.6227766
31.6227766
0.21825155
0.336821403
0.20482925
31.6227766
0.43179825
31.6227766
0.030840304
0.014313299
0.263496214
31.6227766
31.6227766
31.6227766
0.184875521
31.6227766
31.6227766
0.209810443
0.166636015
0.2448745
0.278550808
0.13128884
0.25615386
31.6227766
0.302350211
0.317760847
0.76189752
31.6227766
0.461428212
0.084256012
31.6227766
0.218535648
0.148447777
0.073979966
31.6227766
0.213472042
0.232660519
0.182931082
4.719186679
0.252911521
31.6227766
31.6227766
31.6227766
0.229848237
31.6227766
0.18426126
0.157822349
31.6227766
0.178431171
0.222439341
31.6227766
31.6227766
0.273507814
31.6227766
31.6227766
31.6227766
0.327021522
0.222474966
31.6227766
25.81128665
0.330586479
0.283689279
0.279677491
0.246023782
0.244448375
0.201736291
31.6227766
0.419466482
0.193431193
0.251196353
31.6227766
0.489309995
0.795711153
31.6227766
0.381050551
0.202805782
0.299697547
0.283936235
31.6227766
0.379406465
0.210378071
0.376748782
0.277376674
0.20567407
0.231017552
31.6227766
0.332592992
31.6227766
0.263582067
0.282644343
0.186731287
0.153302235
0.365306291
31.6227766
0.281529412
31.6227766
0.081848725
0.301192878
31.6227766
0.198961332
0.220689142
0.198192828
0.051600532
31.6227766
0.247190554
31.6227766
31.6227766
0.286825115
31.6227766
0.440355189
31.6227766
0.190255157
31.6227766
0.138890247
31.6227766
0.187208334
0.142510807
31.6227766
0.245601431
31.6227766
2.287850361
0.477004512
0.271044456
0.220290097
0.196678623
31.6227766
0.288736486
31.6227766
0.157976286
0.261687586
0.310343199
0.169692365
0.135954962
31.6227766
0.422844056
1.301947588
0.197964808
31.6227766
0.089229309
0.284792885
0.224044341
31.6227766