0.978558
0.218336
0.204885
0.904103
0.311392
1.000331
0.994915
0.985740
1.161203
0.573039
0.189577
0.307370
0.370665
0.284916
0.644556
0.197228
0.957314
0.985506
0.407413
0.985398
0.993295
0.988962
0.424598
0.517350
0.984671
0.932305
0.408424
0.988500
0.560070
0.995677
0.325002
0.391635
0.483018
0.608449
0.969953
0.127917
-0.022578
0.453833
0.116481
0.033565
0.053466
0.037050
0.855230
0.439984
0.488274
0.672505
0.992510
0.952112
0.121268
0.190498
0.146636
1.000654
0.049951
0.614899
0.995105
1.003529
-0.013210
0.785642
0.982788
0.064512
1.002918
0.397436
0.331757
0.978039
0.252185
0.995293
0.262158
0.311531
0.127792
0.005274
1.004826
0.517473
0.496025
0.931106
0.814077
0.392148
0.392843
0.564753
0.275421
1.000052
0.307438
0.907928
0.950662
0.166277
0.125227
0.819211
0.289793
0.090605
0.992111
0.991148
0.673463
0.991487
0.226166
0.040151
0.069758
0.153799
0.925393
0.110334
0.955194
0.955081
0.123848
0.654098
0.913422
0.299801
0.086503
0.947690
0.150080
0.141655
0.223197
0.979899
0.968484
0.165757
0.501678
0.981566
0.499190
0.426453
0.355753
0.697062
0.975678
0.924608
0.105063
0.989985
0.267153
1.001515
0.388808
0.634183
0.981970
0.268483
1.001848
0.963845
0.899942
0.949555
0.989401
0.505458
0.414967
0.438977
0.996102
0.481277
0.739016
0.975011
0.370148
0.992399
0.584817
0.287596
0.174219
0.259611
0.741646
0.978208
0.863943
0.611633
0.855139
0.996812
0.214341
0.957358
0.111376
0.687426
0.057974
0.517637
0.379408
0.140633
0.363933
0.978319
0.964482
0.242679
0.991504
0.186731
0.172073
0.283727
0.572256
0.273191
0.339479
0.991967
0.228105
0.290488
0.053579
0.602502
0.842476
0.513482
0.988766
0.970866
0.973983
0.980346
1.001097
0.778829
0.453633
0.138597
0.471421
0.776073
0.074283
0.983379
0.406870
0.665118
1.000000
0.941493
0.469142
0.413557
0.089690
0.776777
0.567021
0.964322
0.365144
0.168356
0.956838
0.028371
0.238612
0.283386
0.942999
0.108059
0.142164
0.912488
0.993969
0.847504
0.312525
0.611361
0.637976
0.988051
0.971367
0.198645
0.906297
0.341017
0.928207
0.421020
0.384712
0.398462
0.615494
0.361091
0.109100
0.226152
0.239074
0.662815
0.205502
1.000239
0.958307
0.979251
0.427232
0.978454
1.012002
0.919172
0.013667
0.962789
0.797250
0.192890
-0.000404
0.477152
0.461952
0.417660
0.300858
0.125905
0.330859
0.988416
0.483222
0.995608
0.982163
0.178023
0.555213
0.230546
0.825154
1.034466
0.963605
0.980090
0.119000
0.894179
0.503710
0.299272
0.978127
0.905763
1.001590
0.473168
0.935012
0.919585
0.171492
0.065396
0.486822
0.273970
0.420848
1.002415
0.048650
0.638102
0.626580
0.796011
0.985654
0.121001
0.997953
0.483465
0.633077
0.901897
0.743265
0.398047
0.437146
0.240628
0.398743
0.996807
0.629530
0.610325
0.971550
0.305612
0.974607
0.957113
0.367531
0.988780
0.517073
0.983258
0.972925
0.381753
0.886682
0.857899
0.168574
0.971628
0.350477
0.450451
0.382126
0.230168
0.116916
0.995575
0.431922
0.622116
0.936769
0.015397
0.864563
0.851048
0.948392
0.985278
0.084600
0.991001
0.966596
0.223623
0.975562
0.430617
0.915711
0.613563
0.113731
0.249980
0.373671
0.364750
0.987603
0.998431
1.097682
0.993126
0.349689
0.404775
0.376736
0.153351
0.346711
-0.079874
0.995762
0.975393
0.994840
0.218835
0.599370
0.968791
0.973219
0.704896
0.362434
0.996253
1.069203
0.384848
0.686187
0.991562
0.034784
0.979587
0.999781
0.081275
0.969666
0.466680
0.467448
0.282176
0.295938
0.484826
0.170031
0.951905
0.930841
1.000408
0.560930
0.313218
0.607817
0.557062
0.148047
0.980179
0.207643
0.066692
0.155909
0.897647
0.960335
0.830931
0.634267
0.986921
0.936467
0.398867
0.635580
0.421591
0.452554
-0.027547
0.469308
0.992796
0.459455
0.284378
0.381618
0.963674
0.223017
0.086289
0.883668
0.584323
0.299715
0.187317
0.988926
0.551000
0.527969
0.091727
0.084287
0.032635
0.990578
0.997749
0.941481
0.622463
0.817456
0.159190
0.814758
0.999942
0.401566
0.563501
0.998530
0.912475
0.196485
0.984681
0.980484
0.894827
0.147908
0.331915
0.828307
0.258727
0.429674
0.375820
0.461476
0.522625
0.464440
0.404804
0.983819
0.340666
0.150583
0.015676
1.006251
0.216639
0.284885
0.180875
0.275626
0.067356
0.543995
0.447507
0.988425
0.411074
0.179051
0.178488
0.523022
0.147687
0.632058
1.000754
0.436639
0.884762
0.076608
0.386356
0.336595
-0.006969
0.345184
0.996310
0.555234
0.741072
0.244659
0.609508
0.993862
0.238513
0.609665
0.629009
0.064502
0.968683
0.467640
0.985358
0.962519
0.487378
0.202417
0.246781
0.941756
0.707042
0.985377
0.267515
0.987504
0.408649
0.224267
0.992492
0.016436
0.980027
0.218277
0.389193
0.504848
0.155073
0.630768
0.968058
0.375212
0.991889
0.053892
0.573295
0.067677
0.234825
0.084113
0.540899
0.077131
0.221736
0.664198
0.953722
0.304262
0.461880
0.631021
0.982803
