0.009537
0.068200
0.031372
0.023494
0.025121
-0.016460
-0.001254
0.001849
0.000088
0.011780
0.048933
0.008028
0.002958
0.017362
0.014860
0.021746
0.002274
-0.001441
0.023395
0.009884
0.005923
0.004553
0.049171
0.010182
0.009491
0.048862
-0.028376
0.006206
0.012485
0.005876
0.045166
0.009453
0.031987
0.016740
-0.013515
0.002649
0.004897
0.012107
0.020576
0.004904
0.011098
-0.004689
-0.005755
-0.001118
-0.012709
0.034061
0.010808
0.004201
0.014626
0.013299
0.015212
0.000246
0.005697
0.039383
-0.010030
0.018452
0.000326
0.063835
-0.003143
0.035674
0.004783
0.009997
-0.015443
0.003447
0.014675
0.005195
0.053973
0.037867
0.017953
0.003063
-0.008354
0.010539
0.017630
-0.011867
-0.003873
-0.001960
0.014395
-0.006181
0.025116
0.005202
0.000116
-0.003542
-0.000320
0.009383
0.041988
-0.042427
0.001839
0.013353
0.003411
-0.006221
0.013664
0.000240
0.010372
0.005187
0.007731
0.011778
-0.001475
0.008902
-0.017126
0.007970
0.015602
0.010180
0.008087
0.029235
0.019118
0.002595
0.019113
0.015985
0.014886
0.001510
-0.013470
0.079217
0.004376
-0.004123
0.071791
0.042999
0.030199
0.046947
0.016151
0.053739
0.033806
0.008569
0.014372
0.015639
0.011763
0.028576
0.000801
0.010092
-0.012981
0.007120
0.001530
0.002027
0.001236
0.023058
-0.000091
0.024931
0.005571
0.050230
-0.002583
-0.004623
0.006091
0.005553
0.095363
0.012828
0.020840
0.067159
0.004602
-0.000899
0.021682
-0.008352
0.011134
-0.005356
0.013036
-0.001988
0.030241
0.051705
0.014324
0.014699
-0.015955
0.019721
0.014938
0.010579
0.005912
0.036393
0.007922
0.009754
0.050331
0.082644
0.041243
0.034168
0.035395
0.010386
0.030678
0.049164
0.002571
-0.006150
-0.001053
0.040668
0.011371
0.004874
0.005714
0.006804
-0.009899
0.005380
-0.002608
0.025046
0.012358
0.018164
0.027826
-0.003811
0.047388
0.160213
-0.008047
0.004141
0.013354
0.011718
0.007099
-0.014879
0.007364
-0.004001
0.029797
0.019185
0.007249
0.016998
0.028505
0.007826
-0.002465
0.009906
0.021339
0.001107
-0.003628
-0.003688
0.028118
-0.000021
0.021517
0.001333
0.006283
0.034234
0.017264
-0.007484
0.008942
0.031570
-0.013264
0.071179
-0.028772
0.049887
0.008392
0.010859
0.015308
0.019778
0.026844
0.009985
-0.004981
0.000526
0.001156
0.006222
0.013106
0.004427
-0.004728
0.003765
0.040676
0.018783
0.011022
0.052033
0.013469
0.029513
0.041571
0.049091
0.087095
-0.004600
0.030706
-0.005122
0.007379
0.024107
0.010942
0.013731
-0.001341
0.018851
0.012383
-0.000435
0.014039
0.028431
-0.060644
0.019204
0.000038
0.007051
0.001984
0.038010
0.020316
0.000235
0.011197
0.008990
0.037307
0.029784
0.018090
0.002997
0.006311
-0.007673
0.037949
-0.004434
-0.002441
0.006108
-0.007568
-0.006989
0.005352
0.002359
-0.012790
0.009552
-0.000307
0.038783
-0.040642
0.007574
-0.003036
0.072830
0.008336
0.037205
0.000725
-0.004694
0.039183
0.005564
0.012546
0.002592
0.023873
0.005341
0.003958
0.006408
0.032124
-0.001099
0.032754
-0.001091
0.029143
0.013359
0.029197
-0.008418
0.031013
0.038346
0.005253
0.005116
-0.000796
-0.006582
-0.009140
-0.002608
0.004892
0.000722
-0.006380
0.050532
0.002154
0.019227
-0.008287
0.006148
0.009467
0.018325
0.043031
0.032320
0.008549
0.008034
0.101703
-0.002838
0.010570
0.039695
0.016452
0.022223
-0.000791
-0.000674
0.008199
0.002023
-0.001945
0.009600
0.051327
-0.006967
-0.001929
0.028138
0.015028
-0.005819
0.048842
-0.004456
0.011811
-0.012624
0.004142
-0.007247
-0.004487
0.006334
-0.000873
0.024222
0.086431
0.021886
0.039474
0.005646
0.030174
0.020713
0.006688
-0.011878
0.003295
-0.001994
0.000669
0.016822
0.007403
-0.002767
0.026402
0.003444
0.029165
0.008208
0.013983
0.016700
0.121434
0.000711
0.009666
0.039555
0.020908
0.006469
0.043932
0.001288
0.012782
0.009616
0.010410
0.027785
0.070858
0.001845
0.031996
0.020635
0.003982
0.016019
0.018049
0.005797
-0.001827
-0.039925
0.068736
0.012934
0.015613
0.008494
-0.005487
0.002637
0.017986
0.022183
0.002703
0.013009
0.053800
0.004617
0.045907
0.016944
0.001957
-0.014043
0.001947
-0.002298
-0.001336
-0.004127
0.014923
0.051711
0.008587
0.082062
0.036456
0.022829
0.047388
0.051665
0.011397
0.054600
-0.006016
0.043124
0.026117
0.001117
0.004322
0.019152
0.053968
-0.028303
0.004777
0.009414
-0.013673
0.014233
-0.009241
-0.004953
0.007208
0.006782
0.030338
0.014781
0.010092
0.001799
0.019602
-0.005052
0.015816
0.010790
0.020576
0.007094
0.025543
0.006880
-0.013753
0.008343
0.014893
0.057950
0.001528
0.016475
0.015184
0.004185
0.017862
0.000017
0.026197
0.000152
-0.009563
-0.040596
0.058891
0.006195
-0.004607
0.118091
-0.017822
0.012737
0.007994
0.037929
0.028351
-0.010855
0.004359
-0.009048
0.042792
0.110519
0.028640
0.023508
0.087718
-0.004922
0.066369
0.002618
0.013578
0.021034
0.015184
0.013396
0.002335
0.025174
0.006493
0.044204
0.004767
-0.011489
0.037620
0.003029
0.064376
0.002076
