0.000000
0.426316
10.162337
0.000000
6.925910
0.000000
0.000000
0.000000
47.868828
20.624149
1.845778
8.963326
10.985282
4.626895
22.696415
42.854881
0.000000
0.000000
13.924546
0.000000
0.000000
0.000000
16.628584
17.204483
0.000000
38.034664
7.404931
0.000000
0.000000
0.000000
6.234385
13.008614
11.935210
0.000000
0.000000
244.997986
457.526489
7.463945
49.928928
23.167334
82.197472
42.745468
0.000000
0.000000
10.712414
16.026295
0.000000
0.000000
30.680168
42.655273
3.986322
0.000000
11.524215
29.938843
0.000000
0.000000
122.882118
43.781105
0.000000
0.000000
0.000000
11.713129
5.544484
0.000000
0.000000
0.000000
6.687202
1.780086
65.936722
15.297947
0.000000
15.202737
8.409961
0.000000
0.000000
8.304333
15.435230
16.329447
5.804566
0.000000
5.116798
0.000000
0.000000
24.598206
0.000032
27.009346
4.771570
11.118925
0.000000
0.000000
0.000000
0.000000
11.061913
87.731110
401.187378
74.927910
0.000000
9.397360
0.000000
0.000000
0.000000
34.056412
0.000000
41.196674
34.805935
0.000000
57.815731
30.122112
0.000000
0.000000
0.000000
0.145805
16.672348
0.000000
15.869024
9.689103
12.650141
31.844656
0.000000
35.457298
0.224108
0.000000
23.673866
0.000000
10.286163
50.028786
0.000000
5.394983
0.000000
0.000000
0.000000
0.000000
0.000000
24.532284
10.578487
0.000000
0.000000
13.864237
28.093248
0.000000
11.424190
0.000000
18.019659
57.481201
3.603410
0.601818
0.000000
0.000000
47.189610
20.054106
0.000000
0.000000
4.418164
0.000000
0.871849
36.016582
0.142970
0.000000
0.000000
66.963638
16.994175
0.000000
0.000000
11.856590
0.000000
8.289555
0.000000
8.366328
5.968670
30.184427
11.252829
0.000000
13.625485
8.745607
42.552822
19.923754
0.000000
12.679146
0.000000
0.000000
0.000000
0.000000
0.000000
0.000000
13.981312
0.206913
0.000000
0.000000
0.000000
0.000000
21.735327
78.570320
0.000000
0.000000
58.079865
11.321721
21.203876
0.000000
31.401508
0.000000
8.761539
0.000000
0.000000
9.897546
12.399022
4.004341
0.000000
101.106041
12.469172
0.000000
0.000000
0.000000
5.022512
19.937899
40.306919
0.000000
0.000000
3.255222
33.399681
0.000000
0.000000
17.639753
14.532499
17.758436
36.903046
10.268453
20.479624
0.000000
8.649847
18.881863
0.000000
0.000000
0.000000
0.000000
7.087577
0.000000
0.000000
0.000000
71.721001
0.000000
48.533527
43.015759
24.345182
9.900971
10.469922
8.335001
14.624129
1.369716
17.163231
0.000000
11.429833
0.000000
0.000000
21.310415
16.157791
79.933235
0.000000
49.909504
0.000000
0.000000
0.000000
52.299625
10.645268
96.121536
0.000000
0.000000
0.000000
12.659779
0.000000
0.000000
111.895149
99.754059
23.623718
4.779111
0.000000
0.000000
87.376854
27.294020
28.234888
0.000000
0.000000
59.672787
0.000000
9.766440
0.000000
0.000000
0.000000
5.598696
16.122877
4.396933
11.594256
0.000000
21.717070
25.116447
0.000000
9.632488
0.000000
0.000000
6.786172
0.000000
14.651444
0.000000
0.000000
13.339966
0.000000
0.000000
77.609627
0.000000
5.682669
19.788507
8.233725
14.827662
98.156151
0.000000
11.573148
19.629772
0.000000
22.480274
0.000000
0.000000
0.000000
0.000000
32.226818
0.000000
0.000000
3.230949
0.000000
15.313008
0.000000
0.000000
18.100485
9.022224
7.517459
5.695892
0.000000
0.000000
86.620094
0.000000
11.293830
6.919724
3.856279
2.232670
10.035056
102.318657
0.000000
0.000000
0.000000
11.207716
35.463989
0.000000
0.000000
70.834702
7.956613
0.000000
71.236382
8.842574
0.000000
0.000000
30.432613
0.000000
0.000000
29.729614
0.000000
10.207430
9.685867
25.854637
5.252732
0.000000
27.468937
0.000000
0.000000
0.000000
20.992523
8.813560
23.834049
0.000000
5.362376
0.000000
1051.386230
4881.130371
14.401943
0.000000
0.000000
0.000000
29.256767
0.000000
0.000000
22.715729
36.012245
16.675806
12.887167
58.014545
15.239464
0.000000
10.938046
9.902740
1.721689
0.000000
4.695688
140.862411
0.000000
20.937975
45.377758
182.712967
0.000000
21.943111
18.472731
29.882055
0.043902
15.632736
0.000000
0.000000
0.000000
18.927563
0.000000
29.452162
40.146915
0.000000
31.408321
20.209488
0.000000
0.000000
13.366818
0.000000
0.000000
0.000000
9.349769
20.203016
0.000000
0.000501
9.149184
12.424508
12.783536
16.520361
16.733999
24.570515
0.000000
5.682364
26.725801
15.846959
0.000000
4.175686
1.578389
0.000000
6.886075
24.312044
11.132549
12.402903
0.000000
6.945892
22.593309
7.044248
12.996509
23.638643
18.736431
0.000000
9.039112
0.000000
14.392562
12.516552
28.678120
42.549339
7.492517
0.000000
12.615894
0.000000
149.270248
11.022274
0.000000
25.260704
20.531322
25.456991
375.569641
0.000000
16.364763
0.000000
0.000000
12.154299
0.000000
5.155960
0.000000
27.625580
0.000000
51.837986
0.000000
28.532145
49.237453
0.000000
16.577232
0.000000
0.190049
4.393961
13.610906
20.605776
25.850496
0.000000
11.993901
0.000000
40.068710
14.601720
10.381825
34.726650
54.100571
0.000000
5.591932
0.588947
25.515671
0.000000
125.597641
12.328394
19.920959
0.000000
