0.953388
0.927988
0.969268
0.920869
0.984021
1.048490
0.970178
0.890993
0.910530
1.080275
0.889523
1.087855
1.048569
0.981094
1.018808
1.075396
1.015856
1.135613
1.045990
0.887720
1.000338
0.981323
0.998749
1.000874
1.037793
0.871854
0.970219
1.034217
1.068613
0.998540
0.972085
0.993901
1.018543
1.034310
0.888191
0.859809
0.962646
1.016088
1.147399
1.007987
0.985678
0.926511
1.058571
0.966648
0.985243
1.014494
0.924600
1.023518
1.023851
0.975636
0.917828
0.933155
1.017164
1.041252
1.031769
1.015386
0.983793
0.910179
0.960494
0.973681
1.026164
0.953316
1.021506
1.028590
0.985569
1.023117
0.955105
0.961313
0.960617
0.922147
0.952609
1.025548
0.984392
1.010957
0.889005
0.997838
1.124147
1.036716
0.923984
0.943850
0.957108
1.114811
0.929191
1.026980
1.140196
1.014060
0.859796
0.987864
0.984728
1.096758
0.914650
0.955775
1.036523
1.001717
0.980867
1.051275
0.946201
0.937110
0.949000
1.003715
0.968424
0.932687
0.891622
1.093358
0.993627
1.031681
1.107600
0.966512
0.993039
1.044687
0.957126
1.083938
0.991247
1.010375
1.044711
1.044196
1.006070
0.888081
1.124443
1.132709
0.940814
1.035043
0.885841
0.948533
1.038711
0.904007
0.898587
1.108502
1.021835
1.028237
0.955693
0.922105
1.176466
1.027586
0.951203
1.092482
1.019252
0.962649
0.986824
0.988163
0.950739
0.989618
0.958696
0.935354
0.977609
1.014497
1.016034
1.031422
1.066162
0.992320
0.946192
1.118102
0.928093
1.096290
1.020519
0.987903
1.010837
0.951528
1.024619
1.358149
0.994627
0.988539
1.001791
1.060815
1.074642
0.955733
0.921951
1.023812
0.954840
0.968652
1.023602
0.979371
1.043278
0.921388
0.994154
1.002356
1.068270
1.016078
1.030066
0.957329
0.909236
0.894111
0.898578
1.011206
0.971691
0.995416
0.888376
1.037484
0.942219
1.053648
0.857729
1.033913
1.113656
1.079770
0.924211
1.040757
1.002060
1.035438
1.054811
1.017116
1.037786
1.051555
1.123613
0.962113
0.967662
0.928309
1.013162
1.012196
0.979621
1.094284
0.909789
1.046894
0.899058
1.119702
1.102216
1.112084
0.924824
1.010002
1.020030
1.033348
1.026849
1.004219
0.877394
1.076862
0.955330
1.041557
0.954925
1.026401
0.968741
1.029429
1.011518
0.892638
0.976510
0.945737
0.925467
1.027853
1.091106
0.945225
1.103835
0.942976
1.037209
1.089612
0.926244
1.002232
0.969774
0.953345
1.046053
1.051414
1.053968
1.005917
0.983468
1.024140
1.014770
1.043731
0.909252
0.932550
0.964878
1.048191
1.005325
1.031025
1.132471
1.099664
0.937166
1.098966
0.922277
0.991938
1.020721
0.917468
0.922388
0.887645
1.028236
1.009256
0.894601
1.044510
0.967230
0.997294
0.988216
1.045750
1.010071
0.955607
0.998037
1.138427
0.865755
0.954486
1.057580
0.955150
0.991056
1.008809
0.993142
0.936877
1.012581
1.035633
0.913835
0.921057
0.910967
1.024147
0.963990
0.875801
0.980370
1.027652
0.892555
0.987548
1.164107
1.105268
1.003751
0.977359
1.130796
1.007587
0.947361
0.933217
0.880673
1.003288
1.103332
0.896873
0.967117
0.930694
1.027036
1.079778
0.909517
0.851531
0.894782
1.030273
0.945768
0.877117
1.008425
0.983111
1.047656
1.066796
0.892715
1.057907
0.930941
1.021018
0.968859
0.866910
0.941150
1.059317
0.894991
0.954183
1.003944
0.955175
0.997180
0.963934
1.109791
1.060702
0.904732
0.887544
1.001897
0.914413
0.988396
1.032354
0.945127
1.053870
0.892090
0.966652
1.032485
0.844231
0.947154
0.914093
1.044725
0.923367
1.103506
0.995779
0.978730
1.082290
1.016497
0.921840
0.939344
1.045032
0.981816
1.108552
0.911952
0.929444
1.057530
1.021073
1.032277
1.021504
0.977311
0.978902
1.029879
0.928267
1.170138
1.099738
0.960991
1.153560
1.118450
1.056490
1.026386
1.047365
1.055862
0.918232
0.977232
1.047926
1.027003
0.912575
1.116829
1.084081
0.972584
0.975605
0.941558
1.113947
1.021035
0.996805
0.964394
1.023796
0.988654
0.968667
0.968895
1.028854
0.943456
1.087274
0.955684
1.072765
1.012075
0.933064
1.025008
0.951109
1.055298
1.018625
1.064250
0.964280
1.014777
0.968546
0.982537
1.103910
1.045004
1.033725
1.096162
1.031147
0.976992
1.128262
0.971552
1.104660
1.079340
1.011292
0.957229
1.045648
0.943710
1.121365
0.975192
0.928264
0.919515
0.940748
0.962411
1.014331
0.955726
0.959749
1.029423
0.985682
1.061393
1.149892
1.147120
0.910765
1.112930
1.064269
1.193343
1.038822
0.931365
0.903073
1.055403
0.957342
0.904549
0.935718
0.966778
0.903037
1.007958
1.009122
1.017869
1.011330
0.955445
1.034377
0.983800
0.967808
0.901368
1.023149
0.913583
0.984773
0.933419
0.935000
1.025076
1.126551
1.033581
0.996303
1.057405
1.051430
0.954525
1.011419
1.047767
0.909826
0.909952
1.116417
1.009649
0.902235
1.096685
1.156288
0.996503
0.911084
0.943790
0.947582
1.060907
0.962927
1.027166
0.980372
1.026509
1.053523
1.099380
0.996292
1.088923
0.938604
0.950745
0.898033
1.047028
1.070647
