-0.031791
-0.045655
-0.017671
-0.055481
-0.012857
-0.026221
-0.011450
-0.032146
-0.086652
0.017156
-0.046466
0.018607
0.018629
0.014172
-0.042743
-0.009825
0.005424
-0.004058
0.029919
-0.052487
-0.037397
-0.036734
-0.039630
0.016341
-0.017711
0.023914
-0.019309
-0.008816
0.020018
-0.023908
-0.017024
-0.065014
-0.023806
0.003193
-0.007117
-0.014705
-0.054262
-0.058325
0.007941
-0.017590
-0.036925
-0.035199
0.028617
0.003979
-0.014423
-0.048715
-0.039296
-0.001082
-0.064565
-0.033030
-0.057581
0.010355
0.017498
0.016209
-0.044450
-0.012207
-0.065367
-0.045999
0.021846
-0.027873
-0.013163
-0.035147
0.030311
0.053021
-0.064478
-0.007586
-0.053613
-0.021750
-0.019421
-0.022771
0.017524
-0.020413
-0.019473
-0.020693
-0.021836
-0.040488
0.014587
-0.012563
-0.014193
-0.046241
-0.050903
0.033949
-0.088798
-0.046422
0.003987
-0.013588
-0.035351
-0.008477
0.011665
-0.002729
-0.040651
-0.027577
-0.020915
-0.035368
0.004703
-0.027103
-0.029457
-0.022081
-0.041834
0.026191
-0.041262
-0.021563
-0.012012
-0.006021
-0.039900
-0.018654
-0.017912
0.023390
-0.000594
-0.022391
-0.056321
-0.007309
0.004889
-0.041301
0.001815
0.036739
-0.050599
-0.012826
-0.061777
-0.003518
-0.031495
-0.034438
-0.046177
-0.012889
-0.018205
-0.025668
-0.041063
-0.045310
-0.032734
-0.000216
-0.031592
-0.045918
-0.014095
-0.031790
-0.011882
-0.002283
0.015739
-0.028924
-0.026830
-0.019289
0.006234
-0.013149
0.034195
-0.029846
-0.024975
-0.071842
-0.008212
0.008132
0.032713
-0.028112
-0.013691
0.042645
-0.054000
0.009525
-0.032460
-0.017123
-0.012660
-0.040624
-0.013918
0.026633
-0.054771
-0.021682
-0.031723
0.056188
-0.012025
-0.015889
-0.031255
-0.002934
-0.032757
-0.002895
0.022148
-0.058790
-0.000091
-0.001302
0.005439
-0.005320
0.024730
-0.030698
-0.041493
0.041642
-0.060723
-0.050634
-0.028208
-0.023559
-0.071876
-0.051193
-0.043418
-0.001266
-0.079232
-0.025342
0.024629
-0.024235
-0.017659
-0.017005
-0.041534
-0.021200
0.021703
-0.007096
-0.043145
-0.046407
0.010298
0.023316
0.002921
-0.005349
-0.038674
-0.017174
-0.039120
-0.050615
-0.045189
-0.051458
-0.039935
-0.021382
-0.040100
-0.020722
0.044150
-0.080397
-0.067853
0.003221
0.032793
-0.013040
-0.004334
-0.011656
-0.030748
-0.044295
0.028876
-0.021316
-0.036887
-0.005427
-0.024506
0.004350
0.019291
-0.047637
-0.048398
-0.054621
-0.018952
0.004158
0.001851
-0.068469
-0.042049
-0.024401
0.001061
-0.055799
-0.022984
-0.026777
-0.015788
-0.038553
0.005488
0.052032
-0.014412
-0.055228
0.031544
0.004361
0.023595
-0.030138
-0.007429
-0.050062
-0.012381
0.041127
-0.014285
-0.009146
-0.029294
0.053197
-0.049397
-0.034403
-0.027250
-0.031715
-0.023750
-0.039288
-0.011160
-0.038301
0.015290
0.005671
-0.042903
-0.033742
-0.015513
-0.058691
0.001423
-0.001715
-0.057136
-0.039464
-0.047183
-0.038001
-0.068554
-0.029173
-0.003567
0.010347
-0.052330
-0.022297
-0.032629
-0.048821
-0.000122
-0.038966
-0.071535
-0.010969
-0.050250
0.020292
0.001899
-0.034156
-0.042067
-0.050323
-0.025563
-0.005762
-0.015098
0.002310
-0.024286
-0.007307
-0.063088
0.023271
-0.019249
0.023009
-0.068821
-0.021636
-0.025586
-0.067130
-0.048729
-0.010944
-0.050216
-0.062461
-0.011857
-0.047065
-0.020053
-0.034230
-0.026863
-0.011049
0.021252
-0.009260
-0.020827
-0.040926
-0.030546
0.029955
-0.030110
-0.008932
-0.055346
-0.070370
-0.051891
-0.005948
-0.042479
0.001964
-0.025710
-0.002125
-0.057573
0.015228
-0.013028
0.014729
-0.040771
-0.050289
-0.036114
-0.048537
-0.031006
-0.022203
-0.067937
0.001988
0.013378
-0.004846
-0.032721
-0.015274
-0.027269
-0.050517
-0.020028
-0.031501
-0.052686
-0.032606
0.019624
-0.039377
-0.009323
-0.008643
-0.034498
0.031799
-0.055583
-0.013495
0.004548
-0.030029
0.032854
-0.028863
-0.019604
0.027697
-0.009446
-0.021803
-0.035425
-0.055138
-0.012288
-0.017388
-0.001893
0.016759
0.006405
-0.063630
-0.009244
0.026415
-0.006991
-0.065740
-0.008023
-0.009555
0.013986
-0.034219
-0.012993
0.006715
-0.030065
-0.037700
-0.061062
0.011727
-0.022618
-0.040055
-0.003648
-0.022618
-0.045754
-0.013785
-0.048751
-0.020054
0.008038
-0.038214
-0.039350
-0.016609
-0.016035
-0.011169
-0.052074
-0.031055
-0.041075
-0.070532
0.009893
-0.026746
-0.036956
-0.064707
-0.015427
-0.015246
-0.019524
-0.052940
0.000578
-0.022764
0.002551
-0.008745
-0.017497
0.035711
-0.033295
-0.021519
-0.015859
-0.028197
-0.017049
-0.005625
-0.017429
-0.010140
-0.022086
-0.012446
0.004641
-0.019336
-0.024980
0.031495
-0.018421
0.013404
-0.002003
0.002579
-0.020343
-0.035129
-0.000295
0.012369
-0.047954
0.001307
-0.008336
-0.025190
0.010164
-0.020006
-0.045228
-0.048644
-0.057424
-0.041696
-0.042491
0.012430
-0.012711
-0.009329
-0.035269
-0.055518
-0.005527
-0.036634
-0.057521
-0.064789
-0.088011
-0.034117
-0.034195
-0.015670
-0.007447
-0.041114
-0.068961
-0.049656
0.014560
-0.078828
-0.007570
0.032327
0.009536
-0.060506
-0.046771
-0.041021
0.038828
0.003912
-0.049986
-0.025913
-0.009613
-0.046868
-0.041509
-0.062161
0.017287
-0.034317
-0.023037
-0.051264
0.028404
0.009755
0.001317
-0.061001
0.088249
-0.006379
-0.014361
-0.026524
-0.006372
-0.012148
