39.877258
30.094252
72.273949
167.055878
49.823750
23.800995
48.571281
20.313471
19.994164
20.487831
11.215237
19.852142
37.787270
159.086380
16.384014
53.720619
33.451981
36.004040
26.876030
10.205299
13.132148
17.369194
96.430267
31.234186
94.294548
18.067888
21.331919
9.607712
19.951319
15.327139
47.868378
3.142356
27.964579
51.831326
2.545779
52.734863
34.470726
29.343313
19.980062
62.275421
24.919632
86.121445
35.346901
55.144505
36.117756
22.107466
18.732496
19.142038
37.709145
12.518700
22.844206
87.353386
33.990559
38.612549
24.184219
37.300400
42.001492
30.170242
16.948444
43.904358
23.150507
48.475311
32.037453
108.441689
21.306019
14.238232
12.448591
100.948486
26.234400
23.943110
106.891891
20.423250
13.178520
38.093113
84.161316
41.986164
23.620707
36.711098
6.470025
32.347446
10.224983
19.505236
12.309509
32.383095
14.102783
20.148914
50.417553
10.666577
31.086771
13.639301
53.987484
0.043965
8.661977
29.489880
85.089561
32.490810
37.420433
152.805405
31.624615
25.050306
52.578888
23.812387
33.819611
10.775704
18.472412
10.765617
89.590622
162.977585
34.164948
11.617630
20.232279
28.000219
13.725393
67.156250
39.650490
29.212097
21.327269
23.661753
14.835333
16.320480
8.382992
19.805622
26.355141
30.779051
3.456311
19.536207
51.777218
14.411218
18.076794
32.809208
31.420731
89.365425
5.616261
51.850193
104.688873
53.520706
52.860214
20.078791
13.483603
65.055824
24.140659
29.745035
36.240566
13.194271
31.016699
31.498571
18.493267
41.264137
34.809715
13.455729
38.275330
32.776905
39.180561
28.175875
22.429880
62.786331
12.685054
12.881551
9.532167
11.701868
96.111176
11.288165
13.441087
32.805984
31.655891
62.550396
89.583450
14.261508
13.679789
32.708958
23.317064
16.436401
19.996031
127.823875
17.453642
63.265980
33.776161
18.636341
0.579324
21.595110
212.405869
38.264694
36.459869
5.842016
12.599384
4.796587
15.477452
77.475327
20.932974
5.416474
10.431811
39.692158
7.268506
21.570688
73.837738
13.340847
23.843958
89.238251
19.639557
18.329493
69.168648
24.333981
33.628330
34.270802
16.596415
14.894110
37.652859
12.931388
4.708858
12.709945
31.196190
26.928478
31.424757
21.763037
27.700123
2.327177
16.805578
18.226381
12.548862
29.118761
51.171940
18.129446
96.267807
15.166425
23.870155
13.084278
54.204830
31.759731
18.863873
21.171055
9.209907
5.079778
21.949148
3.719554
13.774812
17.419670
94.259567
18.748249
3.231962
1.694268
26.070862
15.639421
87.413918
20.505552
0.721072
31.164143
21.556067
17.910660
303.789124
14.687659
102.171349
8.390884
20.849043
20.648169
20.361748
50.267712
34.006771
29.803715
9.262020
90.817024
12.594118
29.979382
42.591869
6.366825
26.808201
44.828720
15.462047
29.740643
15.610343
6.117178
31.742336
11.931684
27.615984
10.638726
38.544926
10.584450
7.322270
14.289886
16.985979
14.184711
9.339943
27.264069
11.391291
196.578430
12.608488
78.621269
3.837672
7.974693
10.703531
43.353481
32.111877
17.363039
25.061108
83.381348
25.087393
21.373711
13.721704
48.312225
20.376167
26.852507
14.846893
10.731844
5.754912
28.410120
9.308182
26.776325
16.129654
29.754318
13.197691
100.132729
27.573013
65.127647
25.468990
47.795322
51.488743
46.161507
19.239811
10.204088
25.000925
45.046513
20.166893
10.434488
143.391769
10.707926
17.649111
9.984115
10.854608
6.486999
16.697292
16.011124
4.832523
9.556306
10.788778
89.779076
10.891927
34.296360
6.444700
78.140274
11.933952
30.621735
59.423836
24.961620
2.864780
24.987389
31.484591
62.285557
21.580427
2.657115
47.631409
68.132004
92.222519
46.635246
12.203040
8.933693
23.473339
25.906467
243.543533
5.305130
24.525154
35.479141
3.451335
6.628807
31.318382
8.513483
19.931858
50.480812
28.643925
61.836010
26.551998
15.736437
6.381323
44.019287
50.879810
27.060169
17.424028
35.686646
51.575336
16.678879
17.302820
12.253695
15.541293
18.522598
22.479074
15.553405
10.348857
35.447250
32.265427
17.032965
9.621452
10.918013
18.928934
15.667227
27.260714
19.004360
28.028200
83.481483
22.261395
13.661277
9.463210
22.653488
12.389475
9.696177
39.156918
7.601446
24.370285
15.870519
11.358880
32.488617
267.883270
20.560986
66.843208
11.749454
36.527637
42.778938
13.076601
38.064686
10.451656
14.937446
25.917479
31.814669
13.643234
23.445393
57.516319
12.008851
23.273293
25.634344
45.091366
59.673309
8.011045
12.728765
62.128433
38.847561
17.000568
14.844748
34.252537
32.787472
13.415466
18.641302
12.361341
18.748306
117.605591
5.265741
18.462282
10.836954
31.668152
32.962982
11.426858
28.614983
27.164869
14.145336
16.053394
21.005285
12.245795
29.844507
7.616876
14.382826
114.537323
22.320883
25.509230
49.862423
0.811472
100.305038
55.080662
44.952766
89.203476
24.256447
26.397181
25.341145
32.095486
9.652692
18.207230
7.360472
10.742254
15.260367
34.258869
6.119887
204.541092
11.748988
29.084873
15.137210
22.509907
19.249451
7.229821
22.840387
64.041084
45.099751
15.832705
61.873524
11.446059
38.317612
25.247322
15.698397
14.375488
8.624066
23.583544
48.602135
17.069780
60.396015
17.807159
11.418094
46.123318
15.566860
17.784451
38.954395
34.089725
22.922281
29.863972
44.995644
36.041183
24.056675
20.534801
26.097843
