0.158355047
0.182285032
0.117626751
0.077369149
0.141669851
0.204971425
0.143484752
0.221869314
0.223633837
0.220923243
0.298590792
0.224432308
0.162675255
0.079283376
0.247045298
0.136434893
0.172895061
0.166655001
0.192889844
0.313015509
0.275940585
0.239937244
0.101833592
0.178927853
0.10298036
0.235252522
0.216508453
0.322602265
0.22387382
0.255420226
0.144534361
0.564031313
0.189098504
0.13889917
0.62662017
0.137704132
0.170321113
0.184602691
0.22371274
0.126717961
0.20031823
0.10775609
0.168196977
0.134661963
0.166392447
0.212677083
0.231041813
0.228557022
0.162843677
0.282620096
0.209219645
0.106993561
0.171519878
0.160927454
0.203341015
0.163733458
0.154298772
0.182055333
0.242897068
0.150918069
0.207831019
0.143626712
0.176670579
0.096028437
0.216640003
0.265006616
0.283414756
0.099528611
0.195234316
0.204362238
0.096722071
0.221272244
0.27545471
0.16202091
0.10900368
0.154326934
0.20575214
0.16504235
0.393109429
0.17582203
0.312714102
0.226419206
0.285011245
0.175725229
0.266276102
0.222773435
0.140833123
0.306173153
0.17935158
0.270762193
0.136097276
4.715879518
0.33975544
0.18414339
0.108407494
0.17543371
0.163470651
0.080896405
0.177819961
0.199795091
0.137908226
0.204922391
0.171952809
0.304619024
0.232662528
0.304761686
0.105649221
0.078331191
0.171081584
0.293374619
0.222314027
0.188978123
0.269911747
0.122026329
0.15880722
0.185016815
0.216532054
0.205573611
0.259619144
0.247525662
0.345362017
0.224695717
0.194786605
0.180245874
0.537812356
0.226239671
0.138971726
0.263411413
0.235194566
0.17458041
0.178395932
0.105782252
0.42192737
0.138873897
0.097734448
0.136689459
0.137540764
0.223162083
0.272320865
0.123980554
0.203524382
0.183351918
0.166110285
0.275290258
0.179554052
0.178175375
0.23253131
0.155671229
0.169489785
0.272602759
0.161634794
0.174666414
0.159756719
0.188388153
0.211143076
0.126201347
0.280760962
0.278611517
0.323877963
0.292316848
0.102002495
0.297624782
0.272751187
0.174588988
0.177732099
0.126439129
0.10565345
0.264790286
0.270361239
0.174847733
0.207087438
0.246651309
0.223623397
0.088448875
0.239356115
0.125722048
0.172063371
0.231637049
1.31269773
0.215185119
0.068614471
0.161657256
0.165609975
0.413696134
0.281713792
0.456550235
0.254176993
0.11360972
0.21856175
0.429636908
0.309598844
0.158723844
0.370892072
0.215306893
0.116374511
0.273773887
0.204786687
0.1058576
0.225643642
0.233567777
0.120238131
0.202714351
0.172441143
0.170817173
0.245459459
0.259106401
0.162965343
0.278074162
0.460782624
0.28048593
0.179036781
0.192701916
0.178384504
0.214353349
0.189998999
0.655378217
0.243927268
0.23422749
0.28228027
0.18531309
0.139791194
0.234852807
0.101919481
0.256769876
0.204674286
0.276444862
0.135824151
0.177441318
0.230235908
0.217329406
0.329494979
0.443644284
0.213442684
0.518437245
0.269427174
0.239589385
0.102999467
0.230944733
0.556159935
0.768034657
0.195845671
0.252857466
0.10695651
0.220827766
1.176819206
0.179128809
0.215379897
0.236282785
0.057373742
0.260920935
0.098931208
0.345199584
0.219001214
0.220063852
0.221606149
0.141042865
0.17147899
0.183171336
0.328566816
0.104933456
0.281772678
0.182633911
0.153225678
0.396282086
0.193133702
0.149354044
0.254303573
0.183365456
0.253092845
0.404286227
0.17748993
0.289488243
0.190288208
0.306573617
0.161068553
0.307358577
0.369528107
0.264527253
0.242628562
0.265506065
0.327193479
0.191512312
0.29627463
0.071323224
0.281612076
0.112778734
0.510398627
0.354091732
0.305644213
0.151873851
0.176465736
0.239979765
0.19975203
0.10951231
0.199647363
0.21629669
0.269948024
0.143868921
0.22152773
0.192974309
0.25951806
0.305240806
0.416814604
0.187609931
0.327751162
0.193248622
0.248985475
0.183323315
0.27525459
0.099933202
0.190436421
0.123912173
0.198146138
0.144644779
0.139360481
0.147182206
0.227975572
0.313034081
0.1999923
0.148992563
0.222674115
0.309559131
0.083509594
0.305581488
0.238027031
0.316463382
0.303509943
0.392594863
0.244716907
0.249905335
0.454849902
0.323468693
0.304434415
0.105538281
0.302989587
0.170753516
0.393880931
0.113125303
0.289460736
0.180708263
0.129722707
0.200149688
0.590715785
0.20004646
0.178214926
0.12670765
0.215258307
0.613356705
0.144893441
0.12114939
0.104130788
0.146432746
0.286251775
0.334549344
0.206396968
0.196466054
0.064078274
0.434121262
0.20192276
0.167883236
0.538199803
0.388373472
0.178687185
0.34270533
0.223983081
0.140744856
0.186842709
0.12716739
0.194063214
0.25207687
0.395831735
0.15072093
0.140191923
0.19223246
0.239559423
0.167394448
0.139243444
0.244851942
0.240396979
0.285659549
0.253654431
0.232347137
0.210911923
0.253555654
0.310837083
0.167958737
0.176045351
0.242293702
0.322371859
0.302627443
0.229839914
0.252632996
0.191524096
0.229383381
0.188883773
0.109446612
0.21194055
0.270544343
0.325055722
0.210098463
0.284090049
0.321127382
0.159804941
0.362679767
0.20256331
0.251009844
0.296696982
0.175439631
0.061097916
0.220529895
0.12231173
0.291724347
0.165456284
0.152890297
0.276525992
0.162081396
0.309304808
0.258730298
0.196424314
0.177288053
0.270723166
0.206519935
0.131856239
0.288556718
0.207282077
0.19750606
0.148918444
0.129451266
0.353287531
0.280278514
0.12686777
0.160439955
0.242524441
0.259536807
0.170862709
0.174638266
0.273011495
0.231606226
0.284413129
0.230944382
0.092211305
0.435741595
0.232726345
0.303757037
0.17769769
0.174172733
0.295813222
0.186937171
0.191861661
0.265875314
0.249576127
0.218185243
0.285751669
0.183046117
0.362312277
0.263671257
0.093438227
0.21165795
0.197989798
0.141614902
1.109419509
0.099847331
0.134739981
0.149147837
0.105878231
0.20303806
0.194631441
0.198645309
0.176510789
0.321849828
0.234350635
0.368568035
0.305092884
0.255978377
0.170846919
0.404196752
0.069921165
0.291730132
0.185421013
0.257017525
0.210767432
0.227918483
0.371882888
0.209237135
0.124958923
0.1489046
0.251309395
0.127128834
0.295565024
0.161545593
0.199014051
0.252382079
0.26373854
0.34050131
0.205914182
0.143439201
0.242032294
0.128674433
0.236968428
0.295926717
0.147243123
0.253446058
0.237119657
0.160219803
0.17127023
0.208863048
0.182986455
0.149076758
0.166569107
0.203879318
0.220670448
0.195744412