5.424702
3.615118
6.700781
6.569551
4.262302
4.657652
3.966949
3.698200
2.089694
4.056005
1.712047
3.187143
3.301524
6.553365
3.523237
4.506678
4.657037
3.779248
2.888869
1.871169
2.012787
2.125159
6.072698
3.559956
5.272841
2.797163
2.508765
2.444093
3.408656
2.494553
5.487947
0.779066
4.744310
4.526447
0.603058
3.063670
4.690334
2.991299
4.135381
3.845456
3.707717
3.914653
3.561357
5.991118
4.775499
2.952955
2.271408
3.039810
3.372287
1.509965
2.707086
5.172152
5.565504
5.532283
2.987413
5.447812
5.693010
3.982991
2.948240
4.310390
2.927702
4.705944
4.377819
7.175657
3.342557
2.689216
1.622885
7.112009
4.305249
2.643143
6.014259
3.834016
1.746865
3.494189
5.612167
5.214430
3.684099
3.646145
1.315983
3.219200
1.644485
3.687305
2.180513
4.905548
2.247129
2.431434
3.812204
1.689912
4.394032
3.673001
3.866786
0.022494
1.684165
4.624046
7.397868
4.779520
3.151229
6.268881
3.548606
2.838313
3.741501
2.618014
2.987595
2.714622
3.379737
2.697225
5.950730
6.293252
4.813463
3.193365
2.920149
3.792159
3.171159
5.019523
5.009027
4.818449
3.446526
2.047317
3.348613
3.175255
2.458280
3.057538
1.910156
4.445934
1.044960
2.115286
3.511337
2.078944
3.192542
3.187958
5.350733
5.388952
1.385095
4.128328
6.650899
5.063270
6.004130
2.535206
3.048004
5.101627
2.729118
3.412372
3.165715
1.125664
3.803343
4.236163
3.689933
6.952284
3.573879
2.227471
3.130511
3.987993
4.700974
3.355561
4.019860
4.946541
2.703457
2.632336
2.809141
2.237925
5.897395
3.505397
3.006098
3.360493
3.054591
6.202573
8.588537
3.632968
2.626422
2.956949
2.905615
2.795874
3.851114
5.488676
3.310812
4.982961
5.706868
3.740490
0.146238
2.743357
11.655325
2.883763
3.864010
1.066343
2.346141
1.868566
2.342313
6.700577
3.712901
1.558494
1.012042
5.081042
1.442730
3.891535
4.212211
2.524854
3.749598
5.306022
3.672362
3.159076
7.708578
4.157453
4.139028
3.213991
2.152081
2.594260
4.047720
2.852770
1.340891
2.974932
2.631718
4.233042
3.343147
3.695242
4.414988
0.641816
1.869471
2.303709
2.099340
3.700871
4.132273
3.581558
6.952661
1.983250
3.423727
2.601797
3.981779
3.178679
2.344693
3.212582
1.653267
1.882328
3.678919
0.821070
2.043164
2.910870
7.236689
2.340143
1.244940
0.322617
4.029563
2.432113
4.531897
3.822920
0.114612
4.241400
4.034596
3.598391
10.642552
3.180108
6.380540
2.335478
3.425857
3.397970
2.682214
4.862214
3.937960
3.008789
1.492553
6.575666
1.918388
5.635810
3.385317
2.364723
3.162793
4.347493
2.993606
2.734903
2.443543
0.948160
3.253036
1.910180
3.201583
2.721026
3.236208
2.771100
2.005045
2.028181
2.648859
2.784675
2.133622
3.594660
1.028938
7.427778
2.818481
4.911605
0.972715
2.147317
1.782014
3.113756
3.732848
2.046779
2.554024
4.566415
2.512188
2.557123
2.178258
4.337613
3.708334
3.517036
1.991003
3.698567
1.072916
3.807909
4.052632
5.117820
3.731560
4.576260
3.584194
7.064244
3.611201
4.447753
5.064315
3.434977
3.776791
3.533912
3.584052
2.096705
5.542893
4.156293
2.283212
2.622320
6.193285
1.475796
2.343053
2.244970
1.790084
3.186692
2.349177
3.654783
1.334928
2.469690
1.762763
5.724366
1.490368
3.946846
1.452753
5.080978
1.654264
3.918939
4.039679
4.136396
1.110590
5.296859
3.124014
3.837768
3.519100
0.519388
4.384472
7.211060
5.170825
3.974230
2.716964
1.937952
4.456593
2.957388
8.666568
0.818773
4.173056
4.318595
1.232268
1.393348
4.576498
1.567596
3.186799
3.329107
3.431351
7.439033
3.044743
7.366109
0.979941
5.671139
3.975067
2.905584
3.457648
4.779291
3.844258
2.076327
2.316096
1.263548
3.570662
3.743552
4.716634
2.431971
1.424044
3.849462
6.064340
3.672256
2.335222
2.101948
2.694279
2.901459
3.098903
2.045864
2.980562
5.308953
2.622382
2.904149
1.800817
2.162562
1.508582
1.810592
3.361623
2.102662
3.556146
2.600429
2.849385
5.200559
8.331923
3.853655
4.924523
2.563956
4.979820
4.009425
3.063256
4.732261
2.842094
2.052593
3.369558
3.783477
2.105345
3.116634
6.667821
4.606651
3.448299
3.080146
6.104877
5.367167
1.897013
2.734055
4.283247
5.132150
2.186323
2.594780
3.347831
3.421528
1.986592
2.028268
2.362516
3.326556
5.408168
1.791011
2.984548
1.770813
4.199509
4.530881
2.481483
4.525458
3.284075
3.115145
3.025883
3.583004
2.932893
5.635200
1.103740
3.911336
8.192975
2.426906
6.987258
3.554026
0.248880
4.902045
4.316083
5.210540
6.718147
3.626629
3.521789
3.726084
3.198310
3.516632
2.986923
2.141024
2.154955
2.237308
3.128799
1.693834
6.933365
2.000833
3.077031
2.871896
3.536171
3.253070
1.440048
5.071867
4.359511
3.530444
4.246564
4.153454
1.305665
5.394594
3.474620
2.331425
3.641134
2.946432
2.605800
4.074363
1.921883
3.821996
3.502272
2.569462
5.979007
2.217760
3.285480
5.331598
3.141342
2.782270
3.969392
5.774401
4.444654
2.255313
3.088445
3.538225
