2.280965
1.753272
3.118999
2.229998
2.051960
2.487245
1.144480
0.836147
1.858177
3.412834
1.676870
0.998133
2.612533
1.168627
0.793599
2.873119
0.512242
1.520666
1.868775
3.091654
1.433129
2.092021
1.169264
2.626400
0.842582
1.928962
3.637568
0.938355
1.989255
2.967304
1.487840
1.314449
1.490937
1.454984
2.457682
2.258045
0.625233
1.671701
1.411747
1.391258
1.416829
1.046130
2.215656
1.086659
1.524149
3.956246
1.097197
1.132737
2.453835
1.593652
1.877868
1.099014
3.107029
1.568536
1.602755
4.441624
1.746946
2.740343
2.481340
2.377803
0.849360
2.570105
2.550131
1.911304
2.851817
1.979641
1.185937
0.942850
1.183854
0.583734
3.530796
1.889539
3.098216
2.609028
1.528227
1.125697
1.201338
1.560935
1.584515
1.838255
2.996282
2.999292
0.709317
0.933508
1.496614
1.856323
0.884061
1.142615
2.191607
2.006825
1.961167
0.204522
2.371579
2.602773
0.625580
0.981155
2.747978
1.513657
2.260909
2.286735
1.086470
2.142755
1.235711
1.138596
0.176668
1.840377
2.204127
0.932900
3.324144
1.124905
1.431809
2.758895
2.023542
0.922360
1.015995
1.342810
1.707642
1.822854
3.444711
2.246307
1.307628
1.663456
1.400085
3.447057
2.186833
2.481385
1.933037
1.539575
3.791493
2.069632
1.276723
1.591260
3.099527
2.054657
1.398669
1.793927
0.564326
2.347100
1.338798
1.215401
3.281319
2.346114
1.121896
0.953234
1.310796
1.535917
5.735309
1.060591
1.882738
2.684081
1.904287
4.054743
1.176638
3.144041
3.793901
1.491812
1.543810
1.889653
3.483748
0.643668
1.536023
2.057996
1.023839
1.540455
1.512023
1.227883
1.491477
1.578224
4.607120
1.142155
1.572455
1.024784
1.287701
1.703911
2.581660
2.702109
1.856971
1.807824
3.545949
2.113460
1.182061
0.851677
1.994303
0.680323
0.882993
2.140151
1.504735
0.780530
1.932659
3.104438
2.563813
3.580667
0.854305
0.941305
2.348549
1.188395
1.257058
1.343488
1.827887
3.257539
1.477364
2.442383
1.407248
2.451730
1.903841
0.558158
3.714850
1.399895
0.851493
2.190830
1.420418
1.452861
2.948522
1.384907
3.379049
0.932160
1.288255
1.327090
0.935423
0.893499
0.908156
1.656142
2.929896
1.916680
1.988653
1.250721
1.923871
4.757010
1.817753
1.174512
2.006410
2.096857
1.863586
1.732935
0.918858
1.848781
2.633218
2.564068
4.687090
1.152493
1.874138
2.731636
1.553304
1.896423
1.464683
0.629024
1.693550
1.234147
0.578408
2.635220
4.192664
2.036423
0.820415
2.026983
2.658503
1.112005
