1.018402
1.071617
1.347742
1.238765
0.912871
0.671860
1.118474
1.004504
1.290832
0.703201
1.087467
1.060579
0.787809
0.764306
1.015738
1.022943
0.996892
1.143993
1.198009
1.108966
0.608647
1.125604
0.779740
1.068821
1.019749
0.929506
1.363886
0.937446
1.192621
0.867529
1.107760
1.460590
1.072420
1.218352
1.259665
1.275275
1.057545
0.798851
1.137633
0.927164
1.201130
1.275851
1.110111
1.053769
0.842027
0.551145
0.828167
0.955720
1.031266
1.253838
0.799300
1.119977
1.399797
1.042598
1.079363
0.722898
1.058740
1.097161
0.814818
0.641073
1.068465
1.169700
1.083021
0.940757
1.083127
0.955667
1.147830
0.921584
1.013425
1.070540
0.756310
1.277608
0.949566
0.882471
0.924691
0.857171
1.034906
1.286300
0.912763
1.105666
0.779203
1.235372
0.929653
0.944781
1.259301
1.123745
0.806727
0.987572
0.956358
1.113807
0.892375
0.714581
1.008858
1.313244
1.008134
0.865092
0.853938
0.963080
1.163549
1.016870
0.904315
0.775485
1.037879
1.073969
0.658525
0.770548
0.930169
1.003921
1.358519
1.011116
1.009018
0.574342
1.120410
1.112005
0.659676
1.194282
1.055892
0.937825
1.134220
1.066846
1.166925
1.090800
1.178211
0.586110
1.035748
1.071389
0.841472
1.216790
0.991350
0.920140
1.149716
1.069247
0.640506
1.243190
1.142860
1.372939
1.045564
0.974676
1.098834
1.012065
0.924700
0.987588
0.911884
0.998896
1.198188
0.936245
1.417262
0.927504
1.060233
1.186502
0.771526
1.022630
1.298262
1.069329
0.889723
0.971118
0.962430
1.106591
0.612566
0.754266
1.341009
1.145237
1.157210
0.967020
1.129975
0.774269
1.024967
1.095365
0.792353
1.163347
1.275425
1.084133
1.008825
1.203501
0.649546
0.940606
0.694970
0.721969
1.091624
1.215348
0.893994
0.810544
1.194242
0.757365
1.203777
1.158868
0.932834
0.976745
0.911938
1.130607
0.777717
0.653612
0.701236
1.183959
0.958820
1.059209
1.113269
1.112576
0.962996
0.986401
1.031305
0.954892
1.160990
1.263482
0.940926
0.831818
1.127961
1.052634
0.960527
1.109705
0.890553
1.326570
0.689409
1.010715
0.829020
0.786808
1.309539
1.212819
1.073440
1.253585
0.951936
0.967532
1.253370
1.099304
1.056916
1.188059
1.096879
0.651246
0.972573
1.003638
0.658937
0.806917
0.935189
0.939634
1.144318
0.961483
1.196307
1.136110
1.005590
1.202377
0.484749
0.862747
0.581071
1.181979
0.892265
1.130083
1.271482
1.099555
0.952597
0.719676
0.501121
1.256819
1.075544
1.353840
0.606236
0.828211
