0.236390773
0.303575025
0.194043743
0.238746923
0.295751803
0.230605511
0.354757329
0.435248673
0.239010699
0.217711889
0.288310209
0.462805666
0.223251307
0.373701263
0.461129003
0.209782169
0.5199789
0.29833995
0.281439876
0.218294286
0.341434088
0.26573502
0.389084942
0.229834377
0.420148449
0.270114481
0.17399094
0.411073927
0.258830257
0.223274739
0.324319846
0.2811578
0.280497725
0.299788182
0.23551638
0.224752875
0.512296292
0.300929812
0.310508923
0.344808932
0.299767828
0.332765768
0.247384621
0.381253048
0.353509381
0.184269031
0.377254206
0.363359211
0.25773962
0.300391429
0.280035438
0.361152911
0.20042421
0.306672786
0.316953756
0.188137261
0.289442911
0.177709935
0.228383734
0.242406941
0.37635126
0.228482229
0.220333101
0.294146185
0.23520623
0.269616
0.340615972
0.403239641
0.381909932
0.567842966
0.206255731
0.216061362
0.200406263
0.232168508
0.324558354
0.414455516
0.349837966
0.310440059
0.294621624
0.287428874
0.218894989
0.199077037
0.50546248
0.388682732
0.262169073
0.250925726
0.45759963
0.350143104
0.255240018
0.267501901
0.279431642
0.940427551
0.240233649
0.200006276
0.4930294
0.427769762
0.216309568
0.275985181
0.246642764
0.270410499
0.391428349
0.252363835
0.355782615
0.314525241
0.950569913
0.24936161
0.276397319
0.381158459
0.188645418
0.351096629
0.312237225
0.216340009
0.241439901
0.433208434
0.418906606
0.289367612
0.305238644
0.283352173
0.186666613
0.204894443
0.334930518
0.304362153
0.321806878
0.206140952
0.236579123
0.257805427
0.283792281
0.277391379
0.175415822
0.224764666
0.336503415
0.322077144
0.208498505
0.265888349
0.314132222
0.240934927
0.517304408
0.256841033
0.329457765
0.337875535
0.208462541
0.270381823
0.402361615
0.385752548
0.358769104
0.304594549
0.137411355
0.378131671
0.258436528
0.194373483
0.286996569
0.170093678
0.338234787
0.207192642
0.209959495
0.320080607
0.301175898
0.286702479
0.222718911
0.5425151
0.285340281
0.288067425
0.354189066
0.300534813
0.309120931
0.353153274
0.297055722
0.308988891
0.172214393
0.374632274
0.276476568
0.35123748
0.311795177
0.261572353
0.225458357
0.253995731
0.289314236
0.278827378
0.200484942
0.247685777
0.360422264
0.45940337
0.250941471
0.580891822
0.365281334
0.259713961
0.300846838
0.488872198
0.274640126
0.221175394
0.242006685
0.201084514
0.503516375
0.412328611
0.256775285
0.333359318
0.338338537
0.316526249
0.298051644
0.205834654
0.272539668
0.249660583
0.276959881
0.20714542
0.287281525
0.531223359
0.170935131
0.358219016
0.487651499
0.243321988
0.309472681
0.31546815
0.214427224
0.324213466
0.17146945
0.442471985
0.332256958
0.303493645
0.412464009
0.448949266
0.426665465
0.294414478
0.216199116
0.273783378
0.266915496
0.31424853
0.30963403
0.171196348
0.280629284
0.357228734
0.279880855
0.264431589
0.286149845
0.297411662
0.372553625
0.278653537
0.240528797
0.224936111
0.16975337
0.344659416
0.285412316
0.267197428
0.281993241
0.24677504
0.316909427
0.497872346
0.266520611
0.331197864
0.491243164
0.249108023
0.191752672
0.243921231
0.45075379
0.245189776
0.213809101
0.358937938