0.163559
0.170316
0.255328
0.496237
0.292420
0.083551
-0.156309
0.233507
-0.013948
0.181190
0.278916
0.030226
0.112292
0.340112
0.204286
0.336634
-0.441122
0.226057
0.655195
-0.036267
0.147085
0.062222
-0.349520
0.501974
-0.226329
-0.074807
0.397273
0.154906
0.102124
0.190635
-0.015348
0.516466
0.330764
0.128454
0.415043
0.444748
-0.024636
-0.468933
0.178177
-0.152375
0.113347
0.440281
0.203638
0.225782
0.104234
0.148543
-0.115749
-0.205041
0.233884
0.312917
0.298940
0.317387
0.581729
0.373870
0.157005
-0.002423
0.180201
0.020373
-0.024742
0.451499
-0.309022
0.412982
0.335729
0.013257
0.352391
0.189339
0.334341
0.140151
0.478623
0.186452
0.373015
0.072104
-0.116731
-0.032328
0.156311
-0.002027
0.112419
0.411450
-0.115781
0.190643
0.166223
0.204909
-0.159805
0.383598
0.363171
0.254829
-0.007616
0.135942
0.177061
0.292916
0.058358
-0.191573
0.555517
0.346634
-0.404320
0.482380
-0.214514
0.130833
0.175560
0.250999
-0.232088
0.037685
0.104806
0.170170
-0.217342
0.355942
0.506234
0.347860
0.104175
-0.256342
0.123602
0.010471
-0.085639
-0.058897
-0.036558
0.191255
0.389146
0.367624
-0.012794
0.063017
0.350688
0.315047
0.245394
-0.027766
0.192329
0.110640
0.353876
0.370253
0.212102
-0.714559
-0.367720
0.056843
-0.082567
0.151533
-0.055616
0.186931
-0.030189
-0.118776
-0.027589
-0.063012
0.234100
0.175871
-0.010780
-0.161042
0.038353
-0.182395
0.396021
0.012692
0.338339
-0.275501
0.168309
-0.201914
0.108829
0.184184
0.347995
0.256672
0.322939
0.300692
0.192856
-0.145493
0.315995
0.373171
-0.180832
0.529304
0.152100
-0.243013
0.311875
0.256769
0.220396
0.168729
0.620047
0.101298
0.044733
0.483160
0.280672
-0.038409
0.284885
0.024303
0.302439
-0.255110
0.448699
0.031043
1.005777
-0.311658
0.206781
-0.231561
0.120910
-0.431491
-0.311657
0.159777
0.062566
-0.076620
-0.054695
0.259452
0.110264
0.009920
0.513112
-0.216906
0.584877
0.262256
-0.668739
0.047583
0.204446
0.089800
0.075409
-0.264265
0.129488
-0.245525
0.122720
0.504563
-0.043067
-0.070097
0.474300
0.316466
0.373585
0.185713
0.446650
0.350383
0.561459
0.272954
0.043681
0.403306
0.292249
0.214863
0.020216
0.181464
0.002029
-0.180627
0.337294
0.514694
0.170756
0.014431
-0.162363
0.117014
0.157492
0.279545
0.312650
0.364884
0.154042
0.255493
-0.328885
0.033981
-0.093007
0.164241
-0.011492
0.140873
0.399473
0.225239
0.114834
0.098122
-0.094562
-0.045505
0.317446
0.069345
0.162422
0.110693
