17.894299
10.849954
26.557327
17.542831
11.431605
18.803450
7.944793
5.277677
17.504129
21.096729
12.029397
4.667772
20.062744
7.159624
4.701785
22.721853
3.697525
11.234106
12.623923
20.984304
8.577004
14.160277
6.604583
18.929846
5.663929
13.704796
33.031902
5.916798
14.925910
20.058533
9.506207
12.649268
12.708876
11.125818
18.027424
19.795549
3.809286
11.041555
10.370745
8.409910
11.127329
9.029727
16.339096
6.878761
8.000992
29.449678
7.025383
7.573041
15.052505
11.081173
12.750874
7.665864
24.893284
10.631846
9.953242
28.251076
11.935422
31.663788
19.171099
17.017054
7.059139
19.154573
20.597733
11.556757
18.075001
13.755523
8.618260
6.148978
6.855115
3.100298
23.505499
21.420298
24.897743
18.551113
9.492239
5.820624
8.169829
10.375347
11.519485
12.103287
20.869284
25.231348
3.913012
6.618261
14.548132
15.881162
4.774608
8.155594
15.348791
13.973821
12.806042
1.129705
17.326357
24.997431
4.112906
5.463870
21.371166
13.127904
16.437540
13.674805
6.525727
15.700667
7.899063
10.107553
1.105705
16.081028
13.088780
6.882176
28.099075
8.111350
10.256243
21.365152
17.153652
5.327515
5.697566
11.941635
10.731996
12.454091
28.697996
23.818884
8.913368
10.793902
9.655269
23.531683
17.865816
15.044821
12.415490
12.995131
32.497437
19.793472
8.830227
9.639070
23.002510
14.143949
10.132863
17.225636
3.735867
15.158022
9.211988
8.758645
23.010448
13.677706
6.175848
6.719203
7.768086
10.777436
52.959827
6.992811
14.971427
26.467295
12.139780
34.562973
8.740047
23.293390
22.683487
9.759707
11.023517
12.164700
20.158781
3.396632
12.281134
12.049684
7.970310
11.070601
10.464095
8.017138
11.331459
10.473041
33.716946
7.124078
13.081277
8.104845
10.285348
14.614589
19.671852
15.499552
11.946042
12.861612
24.878204
16.299385
7.696980
4.737181
15.879169
2.962531
7.493541
14.824502
11.047647
4.183170
13.256817
20.441141
17.073393
24.730061
3.943326
5.880838
15.165786
8.997597
8.734687
9.980149
11.255852
23.601772
13.461960
16.042534
13.035658
23.304012
12.115707
3.542608
34.223518
7.791965
4.204144
16.889297
10.440319
10.047216
21.748043
9.512447
34.010555
5.106736
9.057407
10.855774
5.876977
4.960414
5.492195
11.535702
21.393009
13.339922
14.035293
10.125363
10.429440
34.119156
12.696962
7.835231
12.764964
14.300228
12.211736
11.304350
7.203808
12.877666
17.283859
19.763309
34.701694
8.417209
12.274935
14.005688
12.574423
16.419922
9.956027
4.033261
14.076917
9.115433
4.142878
16.113787
27.195759
16.806410
4.920769
16.632946
21.873978
7.760779
