107.664124
76.746132
273.300446
110.919540
66.294426
68.825310
137.479660
120.865143
64.627701
159.468857
118.945869
28.944508
112.083015
87.460258
134.369171
107.786110
51.952095
120.953293
169.742676
83.432365
134.891235
75.771194
75.762070
23.310781
269.064240
82.273499
30.664078
51.643719
30.889446
160.456268
64.374580
83.984306
256.789581
86.896507
37.325947
51.998726
121.373283
59.805378
46.919510
108.774132
125.567093
88.931358
45.920799
67.043777
65.928795
44.303448
63.420071
107.184334
94.631126
151.154129
155.258133
181.495621
91.891899
49.407867
98.277107
32.816833
118.394867
113.913223
75.464432
166.610489
213.090973
172.330887
145.152756
103.614517
66.153625
116.203423
231.431717
21.307020
61.521664
112.494408
146.092407
32.499020
47.189373
47.783714
117.864983
91.833832
86.731651
42.507492
118.679993
33.386425
122.767258
65.586189
202.866287
56.810818
77.605515
117.309204
343.360138
51.185223
49.123268
50.626167
75.098045
180.165878
98.774788
96.574631
33.290379
180.857758
31.903870
108.947960
128.951813
89.095238
68.003448
101.423027
64.942230
44.327774
98.829300
52.759491
174.598068
180.680206
31.737564
92.222443
62.303391
84.923096
54.319923
53.975677
82.532448
192.733780
51.884678
91.723297
39.050613
165.698715
81.509857
94.553078
51.242992
80.419098
135.904648
126.556892
78.760170
86.017578
