1.176597
1.997655
0.524871
0.499888
1.628745
1.637424
0.538852
1.333958
0.898108
0.645730
0.351916
0.765064
0.855137
1.740197
1.357628
1.279519
0.513737
1.184008
0.668249
1.545631
1.966276
0.628364
1.369105
0.801019
1.202820
1.533619
1.163825
0.474559
0.454235
1.874792
0.839082
1.345124
0.906103
-0.279261
0.882912
1.863929
1.070547
0.995522
0.384103
0.896833
1.192299
1.042494
1.717958
1.007162
1.381947
1.213523
0.509504
1.815123
0.458216
0.912734
1.312432
1.242816
0.015243
1.433789
1.391298
0.633098
1.013039
0.747263
1.048452
0.903470
0.842445
0.536308
1.671723
1.763621
0.689160
0.349093
0.708736
0.939583
0.473949
0.987412
0.687271
0.564914
0.798225
1.329406
0.403148
1.011962
1.791281
1.290963
0.437327
0.740630
0.599201
1.573478
1.507902
1.334977
1.320706
1.071491
1.482813
1.257230
0.863425
1.383410
1.678060
1.486358
1.934975
1.523757
1.310860
0.311309
0.926669
1.583756
0.934133
0.953579
1.010723
2.054105
1.504380
1.241678
1.484285
1.072906
1.166587
1.521187
1.252096
0.716575
0.277251
1.846849
0.057560
0.904643
1.420770
0.514246
0.929003
1.731450
0.745779
0.962449
1.647556
1.231412
1.833162
0.551859
1.127453
0.884388
1.207346
1.377338
