7.450982
5.923237
8.774798
5.194950
3.797228
5.960132
7.277356
9.685447
5.461074
10.799753
11.226921
2.557896
7.252943
4.778098
8.857470
8.679132
3.274284
8.222711
9.099121
6.235708
7.309988
4.679876
6.970434
1.685406
20.415518
5.294710
3.250501
4.692965
2.274783
8.308988
3.833851
5.468672
12.684519
6.425001
2.896730
3.749564
11.340755
7.848423
3.351907
8.886521
12.810886
6.039372
3.079241
3.531243
5.380226
4.230401
4.011256
5.771652
8.037449
8.209200
10.061400
10.606565
6.797500
5.271584
7.094150
2.348313
8.599016
6.748232
6.879516
9.279963
9.420196
8.104342
9.609099
6.819569
3.759227
6.995192
8.366576
2.497344
3.313755
8.566477
13.270767
3.450627
3.960660
3.759166
5.245993
8.528515
5.040598
3.140320
5.002325
2.958434
5.717045
4.620232
10.546782
4.049370
5.250893
9.492898
17.367411
5.219310
4.230107
4.554592
3.807387
10.585625
6.284703
6.455641
2.883522
8.069827
2.314610
8.156304
8.051451
13.840442
5.017456
6.287231
5.462328
4.236522
6.648541
4.692197
11.240411
11.855089
3.242493
6.867611
5.030921
4.793376
3.957146
3.182323
6.783332
8.184043
3.521933
7.407683
3.614065
10.311812
4.538704
6.602992
3.657854
6.032780
6.723674
7.637665
6.211015
5.114871
