0.096374575
0.114148162
0.060489366
0.094949791
0.122816924
0.12053766
0.085286285
0.090959417
0.124390521
0.079188241
0.091690321
0.185870048
0.094455698
0.106928171
0.086267769
0.096320025
0.138737635
0.090926266
0.076754385
0.109478823
0.086100669
0.11488017
0.114887087
0.207115343
0.060963684
0.110247151
0.180583457
0.139151227
0.179923508
0.078944214
0.124634829
0.10911849
0.062403716
0.107274461
0.163677418
0.138675414
0.090768814
0.129308254
0.145988497
0.095881582
0.089240162
0.106040092
0.147567443
0.122128641
0.12315701
0.150236804
0.125569225
0.096590034
0.102797062
0.081337076
0.080254875
0.074227653
0.104317945
0.142264831
0.100872227
0.174560127
0.091903432
0.093693837
0.115113423
0.077472492
0.068504083
0.076175827
0.083001485
0.09823983
0.122947554
0.092765966
0.065733631
0.216634915
0.127491853
0.094282828
0.082734128
0.17541155
0.145570474
0.144662346
0.092109783
0.10435092
0.107376363
0.153377675
0.091792968
0.173064717
0.090252025
0.123478257
0.070209194
0.132672422
0.113514387
0.092327719
0.053966522
0.139773055
0.142676338
0.140542666
0.115393884
0.074501072
0.100617784
0.101757452
0.173314184
0.074358433
0.177040045
0.095805062
0.088061198
0.105942524
0.121263847
0.099295502
0.124088935
0.150195576
0.100590031
0.137671989
0.075679637
0.074394959
0.177503272
0.104130831
0.126689515
0.10851369
0.135680186
0.136112161
0.110074065
0.072031085
0.138827739
0.104413777
0.160022301
0.077685349
0.110762378
0.102839479
0.139694248
0.111510998
0.085779053
0.088890507
0.112679243
0.107821128