0.091845
0.308611
0.296072
0.477561
0.296265
0.138027
0.391487
0.425180
0.268453
0.099879
0.409045
0.427134
0.674709
-0.088960
-0.166090
0.551985
0.387459
0.199396
0.226393
0.234495
-0.033295
0.503625
0.141613
-0.098046
0.359746
0.307293
0.066461
0.193231
0.400865
-0.223674
0.374560
0.122325
0.216698
0.077265
0.347968
0.034413
0.365015
0.223200
0.329195
0.370152
0.098333
0.547374
0.058821
0.289071
0.188333
0.020065
0.276695
0.306191
0.448575
0.055639
0.370298
0.545109
0.373752
0.258552
0.065782
0.352165
0.328121
0.200636
0.275036
0.138912
0.315482
0.629727
0.273427
0.349906
0.231078
0.177508
0.048517
0.166841
0.483899
0.221865
0.172044
-0.107081
0.086848
0.239698
0.354919
0.175012
0.338788
0.223316
0.245310
0.306612
0.491458
0.117036
0.377988
0.307768
0.273452
0.320123
0.534102
0.020341
0.420447
0.407535
0.135171
0.157072
0.117242
0.072618
0.321671
0.567749
0.267076
0.017453
0.535350
0.112932
0.378091
0.246552
0.307735
0.291098
0.348701
0.480426
0.225480
0.213898
0.241536
0.293484
0.164404
0.011077
0.513306
0.279546
0.338134
0.278687
0.379196
0.266587
0.164493
0.477452
-0.024242
0.376926
-0.102249
0.117023
0.429980
0.297250
0.327872
0.259705
