0.736030
1.625270
2.583173
3.880924
-1.084783
1.625475
1.218238
0.591350
4.589211
-2.596673
0.844394
-0.567468
-0.360866
0.945677
-0.815426
-2.369856
3.415591
1.851282
-0.911926
-0.494131
-0.096848
-0.887351
0.446068
-3.585389
-2.177967
1.072330
-6.652785
1.392064
1.733414
0.024274
-3.219889
-2.699159
-0.507263
0.149730
1.050382
-0.235379
-0.350896
-1.391809
-1.424842
-3.263339
0.454609
1.160967
-0.182066
-0.136221
-0.550323
-0.522967
-0.386007
-4.280468
-0.877891
3.087895
1.691132
-0.970855
1.656395
-0.264250
1.634447
1.991520
-1.058918
0.018339
-1.298524
0.868095
0.769231
-2.311259
0.980618
-1.197822
