conv1_ 0
[[ 2.004818    2.5537486   2.312306  ]
 [ 1.3512793   1.4556669   1.9378167 ]
 [-0.38143435 -0.4499056   0.566352  ]]
[[-0.11825    -0.3512791   0.09513258]
 [-1.1302831  -1.7325224  -0.5769491 ]
 [-1.6702945  -2.3924167  -1.076223  ]]
[[ 0.15602615 -0.13698246  0.34944713]
 [-0.7448872  -1.2514398  -0.2988114 ]
 [-0.80956787 -1.7038534  -0.44629276]]
conv1_ 1
[[ 0.56679654 -0.7712489  -2.6412494 ]
 [-0.41142404 -1.0023719  -2.7804155 ]
 [ 0.8022468  -0.22284748 -1.9738983 ]]
[[-1.30292   -3.3861    -5.5852203]
 [-2.1557767 -3.687689  -6.136227 ]
 [-1.3422657 -3.2589884 -5.709753 ]]
[[-1.3439677 -3.720168  -6.5820913]
 [-2.5248227 -4.307581  -7.360279 ]
 [-1.9500471 -4.1261716 -7.1693764]]
conv1_ 2
[[-0.6907371   0.14550212 -0.11636484]
 [ 0.53566897  0.47186774 -1.8063799 ]
 [ 0.34233513  0.42800674 -0.9716231 ]]
[[ 0.50575775  0.7116966  -0.31814122]
 [ 1.7498394   1.0432696  -1.5960602 ]
 [ 1.534944    1.1374462  -0.5586227 ]]
[[-0.30613387 -0.29760063 -0.37857482]
 [ 0.34320858 -0.47241285 -2.2395163 ]
 [ 1.0085175   0.06751925 -0.58177066]]
conv1_ 3
[[-0.86149913 -1.4888046   0.9612835 ]
 [-0.1773488   3.40412    -1.0501748 ]
 [-0.39424086  1.2604634  -0.22245535]]
[[ 0.21714059 -0.91206276  0.0139284 ]
 [-0.12391078  3.097048   -2.9990761 ]
 [-0.51139224  0.26514614 -1.7406794 ]]
[[ 0.3838151  -0.9121132   1.1757342 ]
 [-0.17908616  2.8321338  -1.5275166 ]
 [-0.44086662  0.47306582 -0.6190812 ]]
conv1_ 4
[[-3.035591  -2.8123672 -1.7348783]
 [-2.3754148 -2.8289597 -2.7127643]
 [-2.3892515 -2.9838634 -2.6655178]]
[[-1.9861875  -1.3635263  -0.73207915]
 [-1.3097094  -1.2769312  -1.3027165 ]
 [-0.9814932  -1.5897343  -1.5838255 ]]
[[-0.92343366  0.3429576   0.6846774 ]
 [-0.59937674 -0.43400538 -0.61621404]
 [-0.20157976 -1.0555396  -1.110535  ]]
conv1_ 5
[[-3.4891343 -3.615503  -4.0830274]
 [-4.259124  -4.224256  -5.193686 ]
 [-2.4390302 -2.0142698 -2.6666408]]
[[ 1.5015315   0.48322576 -0.09988853]
 [ 0.6467897   0.25645632 -0.36527404]
 [ 0.62006664  1.3783098   1.2987008 ]]
[[-0.37536392 -1.3134742  -1.3177418 ]
 [-0.3903299  -1.2934444  -1.1352972 ]
 [-0.04472962 -0.09567371  0.6150865 ]]
conv1_ 6
[[ 0.27227065  0.5802003   0.7151022 ]
 [-0.06001461  0.15771085  0.01430994]
 [-0.322155   -0.21273848 -0.40536082]]
[[ 0.19831918  0.4836647   0.4239407 ]
 [ 0.04110633  0.2392537   0.18297128]
 [ 0.02975855  0.11678467 -0.36125174]]
[[ 0.12868205  0.18658404  0.16077647]
 [ 0.29928106  0.1577965   0.0611823 ]
 [ 0.31027988  0.24326521 -0.37284103]]
conv1_ 7
[[ 0.7633624   0.08738703 -0.21827231]
 [ 0.53103656  0.12513214 -0.43913087]
 [ 0.6061111   0.12052079 -0.23847824]]
[[ 0.04252262 -0.23138668 -0.3888795 ]
 [-0.20478605 -0.22430408 -0.35652128]
 [-0.2203739  -0.3036811  -0.21273498]]
[[-0.03815486 -0.17305408 -0.19763279]
 [-0.47056943 -0.19603403 -0.25467888]
 [-0.29978538 -0.42688143 -0.31288415]]
conv1_ 8
[[ 1.5401392   1.4548972   1.0506312 ]
 [ 1.0002956   0.01970388 -0.16531825]
 [ 1.0158477  -1.3218853  -1.7158791 ]]
[[-0.6364282  -1.1594498  -0.61978585]
 [-3.527633   -4.8023973  -4.0738654 ]
 [-4.252803   -5.951102   -5.176703  ]]
[[ 0.01160491  0.13580799  1.1955208 ]
 [-3.2771864  -4.2060304  -2.8159873 ]
 [-3.840831   -5.328039   -3.871032  ]]
conv1_ 9
[[ 1.4753058  -0.93077904 -2.0846698 ]
 [ 1.3128809  -0.00800374 -1.9900125 ]
 [ 0.7451726   0.08015306 -0.14620814]]
[[ 0.9417375  -1.9825957  -3.1533146 ]
 [ 0.14355555 -1.3517854  -3.5642986 ]
 [-0.7186204  -1.2843012  -2.2407346 ]]
[[ 1.0248567  -1.795076   -3.1363232 ]
 [-0.19550507 -1.3834739  -3.6950402 ]
 [-1.3998513  -1.994389   -3.2087104 ]]
conv1_ 10
[[3.2251692 2.0473483 1.2894912]
 [4.017881  2.7148423 2.2102876]
 [4.3390594 4.598865  4.1049685]]
[[3.8993716 3.357805  2.9812796]
 [4.779426  3.8371122 3.6894748]
 [4.166224  4.468476  4.5497994]]
[[3.5828984 4.042935  4.1243777]
 [4.423091  4.728594  5.029341 ]
 [3.8032615 5.0679336 5.249681 ]]
conv1_ 11
[[2.164606   1.9427648  2.728296  ]
 [1.7176667  2.0114229  2.782074  ]
 [0.95949876 1.8606012  1.9543518 ]]
[[2.6556122 2.0759513 2.644619 ]
 [2.063474  1.9589317 2.600374 ]
 [1.3730947 1.8867222 1.8353081]]
[[1.7600671  1.0591984  1.3871216 ]
 [1.1479993  0.86359966 1.0481849 ]
 [0.44869587 0.8054909  0.46517533]]
conv1_ 12
[[-2.306505   -1.1731367  -0.09224755]
 [-2.5254488  -2.0212362  -0.65800124]
 [-1.7805557  -1.9566878  -1.3057265 ]]
[[-1.9773916  -1.0780507  -0.07363112]
 [-2.3691049  -1.9936168  -0.6029553 ]
 [-1.5973107  -1.7768555  -0.8223293 ]]
[[-1.1430184  -0.5007078   0.4873539 ]
 [-1.4144336  -1.0003788   0.43651238]
 [-0.6455271  -0.51090634  0.2773488 ]]
conv1_ 13
[[ 1.3376704   0.7117995   0.15245889]
 [ 1.4655501   0.64146066 -0.07679818]
 [ 0.41657633 -0.07770011 -0.4653543 ]]
[[ 0.32581303 -0.13724467 -0.5346056 ]
 [ 0.39037442 -0.36567417 -0.8665292 ]
 [-0.60585076 -1.1214352  -1.1459086 ]]
[[-0.02408169 -0.35832018 -0.8504663 ]
 [ 0.01773813 -0.788477   -1.4113904 ]
 [-1.0147636  -1.691658   -1.8373846 ]]
conv1_ 14
[[-2.0186443 -3.1715226 -0.9526413]
 [-3.056892  -4.996433  -3.6468859]
 [-3.4515533 -6.251269  -4.2016373]]
[[-3.821852  -5.1497393 -4.109378 ]
 [-5.0216064 -6.492894  -6.3641257]
 [-5.4491844 -7.9731083 -6.503488 ]]
[[-4.757644  -6.1820107 -4.975527 ]
 [-5.783749  -7.6564417 -7.519187 ]
 [-5.580746  -8.689649  -7.6536956]]
conv1_ 15
[[1.8604431 1.8759727 1.4649038]
 [2.3228672 2.8655515 2.9712234]
 [2.1922657 3.2429857 4.07129  ]]
[[3.5336204 4.1280003 4.2246294]
 [3.7752914 4.8135247 4.9344296]
 [3.129154  4.368241  4.904508 ]]
[[4.1051517 4.824122  4.4769263]
 [4.14512   4.962854  4.7870584]
 [3.3550255 4.3683996 4.5380754]]
conv1_ 16
[[-0.8988824  -0.50978017 -2.993707  ]
 [-0.67468935  0.76554775 -0.55596024]
 [-0.6756022   3.3725142   3.2182095 ]]
[[ 0.24231526  0.4837379  -1.9811206 ]
 [-0.62576455  0.3563233  -0.5285397 ]
 [-1.2091705   2.0785058   2.5555456 ]]
[[ 1.0565739   0.41407433 -1.2398778 ]
 [-1.0879976  -1.1354141  -1.0675764 ]
 [-2.0425026   0.3120141   1.6690489 ]]
conv1_ 17
[[-0.82206595 -0.21254313 -1.759793  ]
 [-0.3235432   1.6826932   0.93288594]
 [ 0.5539389  -0.28760603 -0.5561986 ]]
[[-0.05684435  1.3506045   0.6146876 ]
 [-0.94344485  1.5041295   1.5143615 ]
 [-0.37308377 -1.4091638  -1.0097338 ]]
[[-0.17543738  0.49804392 -0.1152154 ]
 [-0.7810983   1.1600622   1.0385069 ]
 [-0.19637705 -1.1412423  -0.8830519 ]]
conv1_ 18
[[ 0.5093291  -0.58700967 -0.50294465]
 [ 0.94715965  0.15122148  0.16032432]
 [ 0.52328104  0.04044888  0.77347827]]
[[ 1.037817   -0.2769698  -0.16322955]
 [ 1.0538934  -0.02735098  0.19849142]
 [ 0.31066534 -0.2004517   0.60317   ]]
[[1.1009698  0.27200335 0.9360849 ]
 [1.218571   0.46890327 1.3475711 ]
 [0.66334    0.18556982 1.6089156 ]]
conv1_ 19
[[ 4.8342744e-01 -1.4024113e-03 -2.5267226e-01]
 [ 2.2355156e-01 -3.7315804e-01 -5.6348205e-01]
 [-5.0940711e-02 -8.8844788e-01 -1.7616211e+00]]
[[ 0.87145823  0.3851763  -0.08093341]
 [ 1.0412711   0.26794684 -0.1271273 ]
 [ 0.59156436 -0.20750406 -1.1667765 ]]
[[ 0.86189437  0.27275398  0.04651198]
 [ 1.3500947   0.5147833   0.4311271 ]
 [ 0.65975034 -0.0686198  -0.86620885]]
conv1_ 20
[[ 0.3741721   0.38471568  0.17645687]
 [ 0.20693591 -0.06476276 -0.07517198]
 [-0.26974052 -0.43396372 -0.43386772]]
[[ 0.85645694  0.95624393  0.8492638 ]
 [ 0.5881986   0.47125992  0.3109043 ]
 [-0.23367292 -0.11001627 -0.22662933]]
[[ 0.33309492  0.3822334   0.20065546]
 [ 0.3853217   0.20621759 -0.12823856]
 [-0.19295694 -0.11297172 -0.21242473]]
conv1_ 21
[[ 2.2330153   1.4440049   0.213047  ]
 [ 0.9964562   0.49200222 -0.76681787]
 [ 0.3177842  -0.8747689  -1.6702151 ]]
[[ 1.5914705e+00  8.8012946e-01  1.6603544e-03]
 [ 5.9053618e-01  1.8033572e-01 -9.8573869e-01]
 [ 3.6838956e-02 -1.2068307e+00 -1.7619252e+00]]
[[ 0.84356594  0.2411437  -0.45702177]
 [ 0.16529526 -0.26291    -1.1174867 ]
 [-0.339358   -1.1910598  -1.9124458 ]]
conv1_ 22
[[0.23472215 0.07513107 0.3410961 ]
 [0.32620254 0.00119166 0.09566439]
 [0.59986055 0.03606089 0.07523401]]
[[ 0.39692447 -0.03285571  0.271839  ]
 [ 0.2652067  -0.10990518  0.05057148]
 [ 0.3744874   0.06910785  0.08934885]]
[[ 0.45505655  0.3062645   0.4866657 ]
 [ 0.25827032 -0.0795415   0.19198392]
 [ 0.35912722 -0.07365424 -0.03719897]]
conv1_ 23
[[ 2.6060345   0.9251338   0.08796524]
 [ 1.384848   -0.64769095 -1.4313011 ]
 [ 1.1191308  -0.46147728 -0.7073702 ]]
[[ 1.6650243   0.04763126 -0.5766392 ]
 [ 0.05828629 -2.0500305  -2.3699636 ]
 [-0.5359266  -2.497688   -2.6241455 ]]
[[ 1.2998911  -0.41567135 -0.63328725]
 [-0.81687903 -2.5643592  -2.8459218 ]
 [-1.51763    -2.9012878  -3.0912683 ]]
conv1_ 24
[[ 1.6950932  -0.67732745 -2.170617  ]
 [ 2.4000323   0.83665794 -0.5346587 ]
 [ 3.4880676   2.3554437   1.3013434 ]]
[[-1.6234385  -2.9844868  -3.576307  ]
 [-0.4481771  -1.2865235  -1.9454278 ]
 [ 0.9578127   0.4045666  -0.18603808]]
[[-1.4179475  -2.9793901  -4.131476  ]
 [-0.18690145 -1.0924629  -1.8923287 ]
 [ 1.7275873   0.8071424   0.4135039 ]]
conv1_ 25
[[-2.0088181 -1.7885243 -1.9356745]
 [-2.5349338 -2.2984028 -1.8719858]
 [-3.3460739 -3.033167  -2.5048788]]
[[-1.8552768 -1.5916455 -1.6667496]
 [-1.8309271 -1.6702776 -1.5819203]
 [-2.1056361 -2.0601776 -1.9894058]]
[[-2.4444675 -2.0768507 -2.6741486]
 [-2.3132424 -2.4032795 -2.7720718]
 [-2.6127615 -2.6761394 -3.0264182]]
conv1_ 26
[[ 3.5046523   2.2234747   0.85633254]
 [ 4.634033    2.1188066   0.10022738]
 [ 3.0455887   0.81004995 -1.0044279 ]]
[[5.1553726 3.4496036 0.8237691]
 [7.0463495 4.414828  1.1796404]
 [6.0208654 3.7200496 1.7723613]]
[[7.417909  5.85996   3.4037614]
 [9.358433  7.058659  4.676352 ]
 [8.616245  6.8887095 5.404172 ]]
conv1_ 27
[[-0.12308384 -2.076474   -0.7391624 ]
 [ 1.60579    -0.35625938 -0.6617527 ]
 [ 2.2631059   1.9400268   0.17062332]]
[[ 1.0533247  -0.62121147  0.49995244]
 [ 2.6162894   0.9232337   0.19148675]
 [ 3.0468357   2.6654782   0.6579716 ]]
[[-1.4116822  -3.1471305  -1.6574842 ]
 [-0.38981247 -2.3106775  -2.2328312 ]
 [-0.3797624  -0.59498817 -2.15409   ]]
conv1_ 28
[[2.5584085 2.0139904 1.2761014]
 [3.2153697 2.2288244 1.4023491]
 [3.4778478 2.2682345 0.8669963]]
[[1.3511214  0.65458435 0.3637971 ]
 [2.8087816  1.9240565  1.2103459 ]
 [3.2078807  2.3185294  1.3710463 ]]
[[-0.19255428 -0.48525015 -0.37199843]
 [ 1.0747108   0.15918662 -0.01959763]
 [ 1.7557633   0.46285352 -0.23741888]]
conv1_ 29
[[1.4689829 1.8083211 1.6660582]
 [1.0434222 2.10003   3.1241925]
 [3.4316614 4.1461697 3.9843876]]
[[-1.4705718  -2.052704   -1.6985809 ]
 [-1.9602284  -1.4855089  -0.0985262 ]
 [ 0.48027614  0.57474554  0.56489533]]
[[-1.4331404  -2.0929697  -2.0615087 ]
 [-1.8060383  -1.7394103  -0.92986035]
 [ 0.31528014  0.05602868 -0.11049854]]
conv1_ 30
[[2.4123218 2.252096  2.560417 ]
 [4.729286  3.9532292 3.2982283]
 [6.5879383 5.595871  4.252218 ]]
[[2.291395  1.8110797 1.5110117]
 [3.976963  2.7859874 1.8810627]
 [4.825604  4.3436847 3.312122 ]]
[[2.2743194 2.2566493 2.2037125]
 [4.0657773 3.6247113 2.8205922]
 [4.5521383 5.0326214 4.129701 ]]
conv1_ 31
[[-0.23525676 -0.49967116 -0.34947583]
 [ 0.8990548   0.36430687  0.39547825]
 [ 0.9949998  -0.17606395  0.55006856]]
[[ 1.1968727   0.5864278   0.18888746]
 [ 1.7746447   0.79592323  0.09343307]
 [ 1.4665384  -0.3408121  -0.4464898 ]]
[[ 1.3205988   0.64985734  0.19904707]
 [ 1.3250854  -0.12754847 -0.37499025]
 [ 0.25659436 -1.8220332  -1.5790178 ]]
conv1_ 32
[[-0.38180837  0.36410654  0.9294402 ]
 [-0.5587578  -0.13755696  0.78376895]
 [-1.1280091  -0.76104015  0.22424479]]
[[-1.4345007  -0.7716254  -0.3909766 ]
 [-1.8125802  -1.4062306  -0.6184814 ]
 [-2.1804132  -1.8719394  -0.98427963]]
[[-1.7685989  -0.9993072  -0.498539  ]
 [-2.0018954  -1.285395   -0.47878656]
 [-2.3023837  -1.78985    -0.85265344]]
conv1_ 33
[[1.4550716  1.1109195  0.74717534]
 [1.3885664  1.0994781  0.65614265]
 [1.4706112  1.3131359  0.89793754]]
[[ 0.30413872 -0.07193583 -0.25349364]
 [ 0.36937153  0.09052075 -0.2585894 ]
 [ 0.58067024  0.41158077  0.27579126]]
[[-0.89989406 -1.2137583  -1.2119908 ]
 [-0.7075644  -1.0609226  -1.3186408 ]
 [-0.3884686  -0.49084234 -0.5836665 ]]
conv1_ 34
[[1.5282999  0.9345256  0.70663893]
 [1.7408235  1.3288511  1.141434  ]
 [1.9411838  1.9578054  1.959648  ]]
[[ 0.25719368 -0.19198254 -0.44817352]
 [ 0.21918002 -0.01826567 -0.1578272 ]
 [ 0.6473474   0.62864125  0.8639549 ]]
[[-0.5196996  -1.070103   -1.309552  ]
 [-0.6408628  -0.9233938  -1.2155557 ]
 [-0.32691935 -0.30806094 -0.43683276]]
conv1_ 35
[[1.9698066 1.1710672 1.0780946]
 [1.1010317 1.1702464 1.5923172]
 [0.4621253 0.5098551 1.6810633]]
[[0.92186546 0.44512954 0.26733539]
 [0.62079555 0.6033508  1.0197877 ]
 [0.3878688  0.5171795  1.5767862 ]]
[[-0.2293489  -0.6056801  -1.2575679 ]
 [-0.37982824 -0.35108972 -0.45119298]
 [ 0.10824247  0.19006822  0.62017715]]
conv1_ 36
[[ 0.33348277  0.16771816 -0.37565905]
 [ 0.17457773  0.5717668  -0.01363107]
 [-0.158636    0.32373142  0.6951837 ]]
[[ 0.49140093  0.4868994  -0.0840767 ]
 [ 0.07793611  0.34406528 -0.34479454]
 [-0.5955577  -0.32925567 -0.18643932]]
[[ 0.88738817  0.8468501   0.59274584]
 [ 0.23571426  0.5983818   0.1000028 ]
 [-0.5467184  -0.3480985  -0.20100285]]
conv1_ 37
[[1.6573404  2.9409616  1.8482549 ]
 [0.99968845 2.3676677  0.61998534]
 [1.0925388  1.9317626  0.9929742 ]]
[[-0.21093127  1.2701182   0.4457378 ]
 [-0.5092135   0.66479313 -0.48870993]
 [ 0.1806245   1.1942343   0.74394405]]
[[3.2491736 4.642962  4.4798374]
 [3.3258336 4.498723  3.8159199]
 [3.9822314 5.050191  5.152786 ]]
conv1_ 38
[[-2.5320048  -1.0743399   0.27423328]
 [-0.08074912  0.16791911  0.9927371 ]
 [ 1.5572718   0.15552798  0.29857004]]
[[-3.2175329  -0.8378896   0.44085023]
 [-1.0165344  -0.02711944  0.7670136 ]
 [ 0.7481638  -0.14269798  0.23625085]]
[[-1.5238901  1.0117809  1.8660023]
 [ 0.4867627  1.8450241  2.1857884]
 [ 2.2796662  1.9726872  2.146578 ]]
conv1_ 39
[[-0.13062474 -0.05824624  0.00361927]
 [-1.5887284  -1.3901219  -0.56453425]
 [-2.7022798  -2.1767647  -1.4684107 ]]
[[-0.3234995   0.05729957  0.07253147]
 [-1.4225663  -1.0859977  -0.6568027 ]
 [-2.0969026  -1.6501348  -1.4101336 ]]
[[ 0.8734704   1.1045227   0.8437163 ]
 [-0.40070605 -0.06941372  0.24711625]
 [-1.4020478  -0.6611046  -0.5778766 ]]
conv1_ 40
[[-1.9187586  -1.0612434  -1.1377953 ]
 [-0.6344635  -0.92478955 -1.620831  ]
 [-0.38942096 -0.7162821  -1.8672054 ]]
[[-1.594489   -0.43819627  0.16368562]
 [ 0.07462192  0.23399107 -0.26335084]
 [ 0.51057494  0.29202268 -0.5925293 ]]
[[-1.4833745  -0.89950395 -0.51406574]
 [ 0.40096644  0.18463199 -0.78589106]
 [ 0.5713344   0.34103122 -0.5538036 ]]
conv1_ 41
[[2.227246  3.4668224 4.393037 ]
 [1.2963287 2.4233007 3.8482287]
 [1.5126078 2.041623  3.068837 ]]
[[-0.16153705  0.90998715  1.792241  ]
 [-0.8218199   0.32512295  1.5482779 ]
 [ 0.65274614  1.1881021   1.8281721 ]]
[[-2.8245153  -2.004469   -1.5511075 ]
 [-3.4696662  -2.7016869  -1.4374288 ]
 [-1.0856009  -0.7383416  -0.09351858]]
conv1_ 42
[[-0.97735864 -1.0827574  -0.93186533]
 [-1.3757347  -1.5117991  -1.459946  ]
 [-0.9806067  -1.1370586  -0.8401614 ]]
[[0.8075599  0.7146671  0.85207635]
 [0.6543119  0.77211577 0.905891  ]
 [0.8038034  0.722108   1.2244282 ]]
[[1.6490366 1.710767  1.995075 ]
 [1.733678  1.8200543 2.2867522]
 [1.7928522 2.0532894 2.5471673]]
conv1_ 43
[[-0.77405596 -0.816084   -1.0602174 ]
 [-0.80892134 -0.06657047 -0.4818387 ]
 [-3.2284102  -1.7334731  -0.66485626]]
[[-0.5968089 -1.1666994 -2.2959695]
 [-0.9486976 -0.8350632 -1.9291847]
 [-4.0053577 -2.9176188 -2.108012 ]]
[[-0.34182796 -0.77341515 -2.1122844 ]
 [-0.5756624  -0.89836335 -1.5835099 ]
 [-3.974575   -3.1743524  -1.8688583 ]]
conv1_ 44
[[-0.3390697  -0.12471992 -2.826865  ]
 [-3.241395   -3.7200365  -4.119377  ]
 [-4.986978   -4.57638    -3.8901935 ]]
[[-0.9076465   0.11814208 -2.8951628 ]
 [-2.6059906  -2.5845487  -4.649664  ]
 [-4.2708044  -3.72131    -4.453331  ]]
[[-2.2761805 -1.479155  -4.811092 ]
 [-2.9091403 -4.113319  -6.69002  ]
 [-4.921435  -5.6506844 -7.397669 ]]
conv1_ 45
[[ 0.4561101   0.233757   -0.0024364 ]
 [ 0.19935021  0.54176134  0.00626177]
 [ 0.19793119  0.33050647 -0.48726597]]
[[ 0.7855281   0.46375605  0.2774663 ]
 [ 0.37936202  0.5181614   0.22837505]
 [-0.05310897 -0.31552368 -0.8769055 ]]
[[ 1.0638214   0.9607805   0.8438526 ]
 [ 0.5491187   0.81666636  0.39340946]
 [ 0.52981746  0.05761039 -0.6672119 ]]
conv1_ 46
[[ 0.06252255 -0.18090032  0.6233782 ]
 [ 0.01887706 -0.0796058  -0.3239265 ]
 [ 0.6378603  -0.08858392 -0.3409371 ]]
[[1.3443832  0.71144485 1.7350641 ]
 [0.55689234 0.431625   0.5987337 ]
 [0.99772716 0.3069507  0.35353768]]
[[ 0.587277   -0.15497734  0.89608335]
 [-0.11794531 -0.5217609  -0.41357982]
 [ 0.722889   -0.21557121 -0.69166446]]
conv1_ 47
[[-3.8448093 -2.7316241 -4.02104  ]
 [-3.9706328 -3.427077  -3.3998184]
 [-5.275331  -3.877577  -2.784183 ]]
[[-4.989082  -3.9191217 -5.5724225]
 [-4.4907904 -4.136782  -5.0911036]
 [-5.2799506 -4.2104416 -4.217334 ]]
[[-2.6502    -2.0059443 -4.044087 ]
 [-2.7939832 -3.0334654 -3.8040254]
 [-4.0829535 -3.7456539 -3.365191 ]]
conv1_ 48
[[-0.07473937  0.48926896  0.79218876]
 [-0.08285519  1.1095128   1.3367287 ]
 [ 0.30971634  1.3767767   1.3397393 ]]
[[-0.36664167  0.2862923   1.2322325 ]
 [-0.7756276   0.8213263   1.5021132 ]
 [-0.164822    0.84873706  1.1983359 ]]
[[-0.9148121  -0.41151518  0.28364807]
 [-1.1152906   0.2602505   0.8385362 ]
 [-0.30153105  0.59250313  0.821609  ]]
conv1_ 49
[[-0.9142226  -0.6554923  -0.5480836 ]
 [-0.26218268 -0.31801936  0.31909803]
 [ 0.09991199  0.43653908  0.85671264]]
[[0.27680796 0.4594126  0.64798295]
 [1.142721   1.2627505  2.0301104 ]
 [1.2922652  1.9547148  2.4213698 ]]
[[-0.7862091  -1.2098317  -1.671998  ]
 [ 0.9647645   0.35415524  0.34747076]
 [ 1.5167845   1.7826444   1.8036194 ]]
conv1_ 50
[[0.35266298 1.1576725  1.6694511 ]
 [0.50941837 2.0012443  2.2268507 ]
 [0.36122626 1.5187268  1.4603498 ]]
[[ 0.15163143  1.0595338   1.5221037 ]
 [ 0.5104566   2.0541296   1.9852318 ]
 [-0.1434695   0.91612667  0.5320582 ]]
[[-0.01005389  0.9147055   1.7745183 ]
 [ 0.0750706   1.6068959   2.0758858 ]
 [-0.6183985   0.62820935  0.35926875]]
conv1_ 51
[[-0.7044248  -0.43928793 -0.3380357 ]
 [-1.4600567  -1.577101   -1.2522106 ]
 [-1.8471336  -1.8571512  -1.151301  ]]
[[-0.38589495  0.14511326  0.12197632]
 [-0.9211012  -0.8507438  -0.63939273]
 [-1.0182713  -0.7171197  -0.0098064 ]]
[[ 0.05720077  0.2831435   0.01609413]
 [-0.48702133 -0.6402693  -0.46444052]
 [-0.6308696  -0.92573476 -0.04269947]]
conv1_ 52
[[0.9494364 1.502835  2.0458357]
 [1.6085236 2.6293118 2.728961 ]
 [2.4168723 3.2883458 2.6455095]]
[[1.516435  2.3231184 2.7361019]
 [2.2764218 3.3131466 3.2777622]
 [2.6909995 3.4822276 2.8386745]]
[[1.6196411 2.5633624 2.8222928]
 [2.1273458 3.3095744 3.5277853]
 [2.3511145 3.1348352 2.6950493]]
conv1_ 53
[[1.588655  1.1161127 2.1756017]
 [1.4018424 1.7960902 2.482457 ]
 [1.6533785 2.395527  2.8995771]]
[[1.2909324 0.8438197 1.876022 ]
 [1.8075916 1.7649326 2.0118701]
 [1.8885523 1.8531475 2.251239 ]]
[[ 0.24215485 -0.14597885  0.9560841 ]
 [ 0.4706855   0.4828374   0.7959715 ]
 [-0.19795953 -0.08425241  0.40468055]]
conv1_ 54
[[-0.88233876 -0.5400678  -0.18482642]
 [-0.76309156 -1.0770767  -1.1637162 ]
 [-0.11174243 -0.3644756  -0.45738474]]
[[-0.18947008  0.02091042 -0.81308854]
 [ 0.42952535 -0.1341131  -1.2293103 ]
 [ 0.3310915   0.14949387 -0.76577705]]
[[-1.1772981  -0.5272273  -1.0735683 ]
 [-0.4938525  -0.40416202 -1.3646269 ]
 [-0.4857882  -0.6447078  -1.5048287 ]]
conv1_ 55
[[ 0.7184859   1.7633468  -0.09353711]
 [ 0.42483065  2.5419033   0.6598662 ]
 [-0.90936416 -1.1341426  -1.3026007 ]]
[[-1.1735691  -0.75105655 -0.7202482 ]
 [-1.4744897   0.4172503   0.52753854]
 [-0.80384076 -0.96180004  0.04236914]]
[[-0.7755038  -0.64503306 -1.1089175 ]
 [ 0.03550564  1.5941222   1.0055751 ]
 [ 0.40194628  0.75066173  0.95431054]]
conv1_ 56
[[ 0.93106306  1.1357231   0.69164   ]
 [-0.76808685 -0.9619024  -0.6239119 ]
 [-1.0527043  -1.9924314  -1.0414498 ]]
[[ 1.5080502   1.3859645   0.56581414]
 [ 0.14557502 -0.23819223 -0.41784638]
 [-0.4208512  -2.0355375  -1.4378738 ]]
[[ 2.392364    1.8585271   0.64626986]
 [ 1.1874654   0.33017093 -0.1800745 ]
 [ 0.4274525  -1.4242187  -1.0337323 ]]
conv1_ 57
[[1.5303727 2.0649252 2.458725 ]
 [2.1417072 2.227556  2.109407 ]
 [1.8847696 1.859588  1.4463534]]
[[1.2667886  1.7282989  1.6424973 ]
 [1.5681187  1.4564458  1.2509604 ]
 [1.3457428  1.2142599  0.83229756]]
[[0.97064805 1.279467   1.1720121 ]
 [0.94472426 0.9095709  0.76040787]
 [0.8145984  0.6395415  0.27564177]]
conv1_ 58
[[-1.8756297 -2.2441616 -2.1600416]
 [-2.8914666 -2.2865548 -2.2386696]
 [-3.010574  -2.4536226 -2.6468647]]
[[-1.5048704 -1.8031546 -1.7740052]
 [-2.236677  -1.4153032 -1.6204462]
 [-2.282829  -1.6370243 -1.6493012]]
[[-0.4741204  -1.0674657  -0.9723375 ]
 [-0.8445321  -0.7069166  -0.83337265]
 [-1.0179517  -0.7234203  -0.78719825]]
conv1_ 59
[[-2.2714987  -2.947527   -1.6547219 ]
 [-0.26074317 -1.3673062  -1.4446526 ]
 [ 0.78162223  0.48884037 -0.03531878]]
[[-2.230765   -3.0454478  -1.3748174 ]
 [ 0.39967227 -0.9426531  -1.0424489 ]
 [ 1.4654891   0.7908898   0.16897213]]
[[-3.9842007  -4.204129   -2.603106  ]
 [-1.8471277  -2.3604481  -1.9945133 ]
 [-0.96751887 -0.79705    -0.63532233]]
conv1_ 60
[[4.581076  4.994611  2.0465088]
 [4.8955674 6.4774594 4.4144883]
 [4.111088  5.475515  3.8637805]]
[[2.9521039 2.8296106 0.4017351]
 [3.3716307 4.4530587 2.5849535]
 [3.1941416 4.5072985 2.7587945]]
[[-0.52275383 -0.8870055  -3.3093112 ]
 [ 0.23673938  1.266421   -0.43597344]
 [ 0.54729605  1.81779     0.30473864]]
conv1_ 61
[[2.0140672  0.6760038  0.19578205]
 [2.4901009  1.8476647  1.752827  ]
 [0.48327222 0.21504903 1.0932828 ]]
[[1.2758757  0.31914315 0.09964754]
 [1.722203   1.5671993  1.4727561 ]
 [0.3161214  0.38040742 1.2037066 ]]
[[ 0.6212151  -0.24450286  0.02611994]
 [ 1.081017    0.7634412   1.2062705 ]
 [-0.06369159 -0.22391926  0.7849768 ]]
conv1_ 62
[[-1.5953065  -0.90045065 -0.09903123]
 [-0.01729606 -0.21722063  0.6157115 ]
 [ 0.9322338   0.31821832  0.8161392 ]]
[[-1.110668   -0.69342923  0.3015519 ]
 [-0.10684981 -0.6902912   0.41455987]
 [ 0.36055654 -0.66994816  0.22930868]]
[[-3.031795  -2.3311594 -1.3284371]
 [-2.4693067 -2.5389712 -1.2534719]
 [-1.6892332 -2.301106  -1.2380741]]
conv1_ 63
[[-0.12591979 -0.6259802  -0.3282511 ]
 [ 0.08244675 -0.75417036 -0.26318708]
 [ 0.8708038   0.45098677  0.7556208 ]]
[[-0.19748275 -0.728895   -0.819822  ]
 [-0.1127976  -0.77011275 -0.4302226 ]
 [ 0.8553585   0.38820437  0.27789548]]
[[-0.46936888 -0.8916606  -1.1292771 ]
 [ 0.3124252   0.10588703 -0.23100077]
 [ 1.254567    1.3459169   0.8454605 ]]
