-0.149729
-0.316129
-0.439189
-0.018929
0.098080
0.115266
0.448675
0.302394
0.050048
-0.018281
-0.051065
-0.165172
-0.182482
0.124191
-0.011055
0.330479
0.901104
-0.118969
0.070701
0.122966
0.285009
0.023336
0.329185
-0.049643
-0.341888
-0.130075
0.006641
-0.162460
-0.482139
0.080323
-0.054782
0.199966
-0.079096
-0.120273
0.129321
0.414765
0.244157
-0.208083
0.043723
0.468343
-0.235430
0.125060
-0.087202
0.299325
0.314679
0.278515
0.380360
0.055290
-0.010646
0.062033
-0.153610
-0.130579
-0.140920
-0.041107
0.462122
0.109599
0.063557
0.181233
0.051525
-0.030640
-0.142892
-0.646973
-0.363084
0.058721
