0.031456
-0.028181
-0.019130
-0.065622
0.012675
0.019683
-0.018989
0.006774
-0.022728
-0.001276
0.039314
-0.017772
-0.050629
0.008928
-0.037579
0.003210
0.004222
-0.022138
-0.037604
0.013038
-0.043710
-0.021422
0.031383
-0.042953
0.022482
-0.009484
-0.013884
-0.036559
-0.090679
-0.032856
-0.053057
0.020921
-0.057266
-0.023079
0.014828
0.016157
-0.025770
0.010925
0.034527
0.008593
-0.002054
0.002589
-0.027902
-0.022445
0.015043
-0.026361
0.017164
0.001901
-0.049791
0.039585
-0.038275
0.002074
-0.040730
-0.002068
-0.031667
0.037695
-0.038423
0.005180
0.009235
0.004555
0.036792
-0.032754
0.013732
-0.013950
-0.040680
0.016672
-0.024628
-0.024601
-0.070287
0.028059
-0.045644
-0.016772
0.003604
-0.009096
-0.012323
-0.021475
-0.034751
0.061387
-0.011422
0.034420
0.011643
-0.025093
-0.007400
-0.053727
-0.025440
0.002619
-0.056833
-0.020376
-0.022208
-0.030078
-0.082749
-0.008687
-0.004357
0.009913
0.009936
-0.009352
0.008922
-0.023173
0.038470
-0.017074
-0.006364
-0.037705
0.009536
-0.023488
0.000523
-0.067349
-0.042599
-0.043605
-0.009833
0.008841
-0.049050
0.000940
-0.004703
-0.018715
0.018459
0.021979
-0.006763
-0.031698
0.003001
-0.022497
-0.038397
-0.041317
-0.043239
-0.017375
-0.025822
-0.028670
-0.058008
-0.009480
-0.040605
-0.058898
-0.033103
-0.021358
-0.033012
0.012094
-0.020296
-0.031328
-0.009321
0.006277
0.003624
-0.019638
0.005386
0.060341
-0.053512
-0.008902
-0.035311
-0.017415
0.013716
-0.020747
-0.038139
-0.024360
-0.062499
-0.005527
0.015638
-0.023814
-0.008497
-0.034320
-0.001600
-0.029356
-0.026908
-0.023078
-0.019168
-0.074266
-0.027648
-0.035094
0.038285
-0.044646
-0.005985
-0.006205
-0.049438
-0.019482
-0.035851
-0.047646
-0.011946
-0.068702
0.014128
-0.003777
-0.018088
0.018714
-0.010613
-0.027884
-0.059206
0.009226
-0.027235
-0.064770
-0.027113
-0.057099
0.004649
-0.002895
-0.022860
-0.021558
0.015423
-0.046217
-0.041172
-0.048666
0.014972
0.021803
-0.060788
-0.007280
-0.035264
-0.013267
-0.041635
-0.053022
-0.055446
-0.004391
-0.010893
-0.009955
-0.071804
-0.002057
-0.004477
-0.018139
-0.008141
-0.027053
-0.033178
-0.019232
-0.012596
-0.029537
-0.043084
-0.045477
-0.022437
0.021637
-0.046776
-0.030718
0.001144
-0.078218
-0.007507
0.018430
-0.003899
-0.091035
-0.002167
-0.042828
0.018418
-0.024891
-0.004528
-0.058085
-0.012936
0.061787
-0.038223
-0.036742
-0.014544
-0.036879
0.003905
0.031903
-0.006314
0.002017
0.004188
-0.024925
-0.014167
-0.003805
-0.016041
-0.008702
-0.033961
0.017107
-0.026358
-0.031191
-0.003680
0.026717
-0.021583
-0.041451
-0.017158
0.009324
-0.044244
-0.026008
-0.047070
-0.067220
-0.025222
0.014907
0.015398
0.019837
-0.048580
0.018534
0.020915
-0.017937
0.007474
-0.022900
-0.013778
0.039944
-0.016262
0.021394
-0.006875
0.032861
-0.007104
-0.092566
-0.002275
-0.034722
0.008373
-0.047734
-0.022335
0.004344
0.039970
-0.007477
-0.044306
-0.021278
-0.005464
-0.031190
-0.017468
-0.023466
0.003760
-0.027488
0.005626
0.003219
-0.041523
-0.050543
0.013183
-0.048178
-0.023679
-0.050091
-0.030218
-0.035591
0.029816
-0.063796
-0.037497
-0.046331
-0.015126
0.000850
-0.033033
0.022599
-0.059716
0.002287
-0.009718
-0.028283
-0.045883
-0.041565
-0.007881
0.001927
-0.009886
-0.031177
-0.033944
-0.038630
-0.086902
-0.046246
-0.060311
-0.028341
-0.070064
-0.047533
-0.030728
-0.019912
-0.034017
-0.028356
-0.051184
0.046531
0.010952
-0.030537
-0.043702
0.014310
-0.024047
-0.073873
0.015245
-0.013237
-0.048270
-0.025822
0.003709
-0.009008
-0.005076
-0.004080
-0.009750
-0.096314
-0.019533
-0.045475
-0.062534
-0.016323
-0.028519
-0.054575
-0.051376
-0.035830
-0.040309
0.028968
-0.038197
-0.022952
-0.030633
-0.032693
-0.000858
-0.002463
-0.024659
-0.026804
-0.045179
-0.020558
-0.040903
0.002335
-0.010594
-0.018507
-0.016588
-0.050622
-0.001118
-0.020079
-0.035129
0.036608
-0.009980
-0.047139
-0.008861
0.014458
-0.007224
-0.002900
-0.031828
-0.047606
-0.029368
-0.009223
-0.035358
-0.029025
0.011797
0.001954
-0.011180
-0.027180
-0.040016
-0.036813
0.029195
-0.043200
-0.012743
-0.010905
-0.029930
0.028659
-0.057914
-0.037360
0.004587
-0.036784
-0.053968
-0.029771
-0.010849
0.054719
-0.011355
-0.060709
-0.019033
0.003408
0.001107
-0.025357
-0.032956
-0.075299
-0.008241
-0.011153
-0.000050
-0.055898
-0.041656
0.022029
0.014963
-0.019788
-0.064746
-0.096116
-0.021087
-0.019466
0.018609
0.003035
-0.041092
0.045568
-0.005774
-0.037745
0.018591
-0.040137
-0.046477
0.002342
-0.032584
0.000974
-0.030090
-0.005040
-0.028856
0.029237
-0.029687
-0.020249
-0.002272
-0.024076
-0.065070
-0.009015
-0.026503
-0.028047
-0.015468
0.008390
-0.027049
-0.000512
0.005743
-0.069003
0.022635
-0.050520
-0.005121
-0.008245
-0.033587
-0.026189
-0.045432
-0.028507
-0.003769
-0.026263
-0.021391
-0.035224
0.034198
-0.048950
0.026188
-0.039168
-0.074654
-0.008837
-0.063782
-0.034471
-0.011868
-0.003230
-0.026528
-0.023868
-0.061546
-0.054389
0.041288
0.002267
0.027540
-0.027809
-0.008687
-0.012715
-0.026719
-0.005232
0.027197
-0.029168
-0.017055
-0.015026
-0.045639
-0.089184
0.021508
-0.010964
-0.052682
-0.042270
