6.089035
3.726433
13.248667
6.079432
4.955713
3.307249
3.879867
15.229759
4.255980
3.239188
1.965259
1.520881
8.940851
8.935925
10.462838
3.380978
3.474478
10.132860
8.621735
3.977270
4.374851
9.947995
11.766873
9.035275
2.951726
2.373439
2.051950
11.815764
16.534550
3.118285
3.052844
3.160578
3.573700
0.530979
9.197911
5.542376
1.460260
4.085205
2.241967
3.659383
3.134933
0.172325
4.896864
3.309677
0.000000
0.000000
0.000000
0.473305
3.945563
2.476526
5.277031
4.487680
13.047414
4.929273
7.545110
1.357899
4.132494
0.423629
0.000000
1.741846
0.511791
0.841758
6.217216
1.845815
6.406476
0.000000
1.883771
4.578643
9.330734
0.107249
8.305693
2.908482
7.201709
2.328399
1.669228
4.797455
3.146551
0.079782
3.260668
0.292228
0.158200
0.864409
0.228729
22.715300
4.348612
1.286041
7.080357
8.513675
3.563958
1.807670
13.910148
0.567649
6.442983
6.097668
1.540196
1.515965
4.608385
0.767987
0.272084
10.411805
14.919086
18.798634
4.146669
8.811435
1.354614
11.577100
11.306751
5.366236
2.726991
8.629015
4.348435
3.101608
1.420377
8.522537
1.787154
1.028139
3.861323
4.035808
0.974835
1.528804
8.762306
3.337538
17.024094
4.233082
4.249865
2.449935
15.121288
2.012405
14.606941
4.482935
5.673894
3.960177
6.821090
24.133186
2.500029
5.925468
0.459280
1.493644
12.798319
3.463709
4.575224
7.531738
17.280205
0.000000
5.686406
1.873735
0.652793
7.324369
4.820120
8.620756
0.445466
3.136339
0.535745
3.951536
0.804651
8.345548
0.146126
1.059569
11.432108
12.835122
1.771686
2.852886
2.016550
15.989679
0.350817
0.737295
10.787268
0.990183
3.130523
3.993376
4.598341
13.664740
2.964200
12.575618
4.415306
9.539347
4.610152
3.438390
3.890488
21.303770
2.953894
0.135349
6.431079
10.178159
12.041658
16.392345
1.611953
1.762904
10.718081
1.348210
4.441770
2.551642
7.944016
3.546921
12.222084
2.942578
8.434613
10.560371
2.675115
6.282723
1.534864
10.001170
9.914847
2.742504
2.999019
0.335328
5.255381
0.000000
0.332016
18.302181
0.000000
7.581269
5.443914
17.441248
1.538918
1.704811
1.147361
11.485348
4.319438
2.227201
7.681656
3.865452
20.927235
17.249699
4.263902
3.787085
4.932950
9.131130
5.751603
1.636305
0.550682
17.329350
6.485793
7.759818
3.719496
0.242073
3.074157
2.977423
14.094638
10.961785
0.340476
0.000000
2.471624
2.054749
0.000000
6.382900
8.166082
13.476454
2.654136
2.465889
7.686713
3.872904
10.759541
16.720423
12.271458
0.113627
0.806550
6.522593
13.714131
1.099466
13.323076
0.000000
1.000039
7.666352
0.162772
3.792151
12.727880
4.088047
0.522828
2.228106
0.744287
4.838249
3.960061
17.460091
4.252230
5.797828
7.667403
1.005830
12.276809
0.059374
3.713291
1.853566
0.377430
3.084162
2.203582
4.755867
4.744165
1.681106
0.000000
0.327431
3.746876
1.978379
3.867722
3.010050
1.880467
4.726394
4.285804
2.424359
0.369893
0.000000
0.475655
2.861013
4.764133
6.347479
17.735470
13.997289
4.687870
7.627147
1.398618
18.215425
7.829191
13.434425
8.939530
7.560209
2.064429
0.103568
11.377373
8.045527
11.891644
1.801927
3.980730
3.630644
0.105589
4.797752
0.921826
3.923069
13.445519
4.529731
8.812679
11.097594
11.145141
5.356224
5.518233
6.230309
1.303587
0.660917
0.226085
5.329973
15.817264
1.607047
3.886272
2.680321
8.675409
9.473969
2.698172
2.607789
6.372332
1.980169
2.962892
3.585718
5.826410
9.942188
10.901548
1.808348
0.334947
5.052098
22.198219
4.719279
2.790361
0.628290
6.296826
19.052000
1.433507
6.267100
5.835917
4.327058
10.701946
6.865745
2.998882
7.681246
1.882750
0.372940
2.087986
7.860033
0.607302
4.544366
8.171063
0.000000
10.233163
1.270419
7.210296
20.001719
1.222652
1.619099
4.693845
6.625979
10.299815
3.320783
4.890648
2.145782
8.395197
0.000000
7.387691
5.535364
10.421834
3.388693
7.238628
6.281051
0.160523
4.972933
5.672670
1.632196
4.318275
10.172628
1.008790
5.867010
5.237595
1.855122
1.965211
0.740523
10.390470
2.127649
7.866964
2.830927
6.962811
0.292303
4.372880
0.566166
0.839271
4.480417
7.692942
0.537804
17.988628
33.905994
23.275219
9.781801
10.239977
3.033064
0.019858
7.159227
9.638050
7.733839
0.057618
4.389660
14.904254
9.595633
0.213305
5.894014
1.666440
3.179762
1.812631
0.840846
1.240382
5.514437
12.150690
16.492836
5.968629
0.000000
4.354956
3.654591
10.122857
11.082601
0.109127
1.574357
0.000000
10.966385
4.359636
1.997686
8.835377
0.521814
3.115079
2.241636
11.070333
1.363785
0.049134
4.272338
0.894135
22.239355
6.961089
3.488769
2.876573
1.356115
0.469484
7.527256
7.962040
16.526115
3.372000
0.000000
2.407964
2.886730
2.536704
8.968839
9.255278
0.000000
2.691946
4.624054
1.154136
0.811306
1.507388
5.623705
2.687996
12.204583
4.744632
4.798132
0.236520
1.794245
0.000000
10.919156
1.482243
11.306756
8.863726
0.000000
2.474698
0.486610
4.457488
8.946904
16.612282
4.644223
8.142628
1.514823
3.358406
31.891140
