0.131485596
0.196840242
0.151431253
0.190442969
0.095574242
0.129030491
0.166395075
0.06054297
0.142183193
0.177963836
0.227841754
0.279596464
0.064972595
0.116478516
0.124520379
0.151579642
0.137020927
0.134085839
0.123357271
0.191655624
0.189817697
0.095587419
0.08203078
0.105447878
0.186347565
0.228539432
0.303006862
0.115498455
0.083444271
0.23623183
0.212623896
0.184831791
0.186838473
0.540563285
0.089161626
0.138561351
0.310329974
0.180825254
0.237085414
0.232313278
0.185814451
0.966675509
0.182897878
0.16391329
31.6227766
31.6227766
31.6227766
0.471135579
0.20910544
0.194367707
0.154159227
0.225812651
0.111908347
0.107176502
0.151196302
0.256811718
0.1908399
0.497670383
31.6227766
0.224082756
0.578033427
0.36909874
0.180990237
0.272667779
0.143218155
31.6227766
0.263300049
0.18566196
0.122382318
0.970889802
0.076001868
0.16962488
0.130941024
0.236902182
0.232104717
0.118791182
0.244002891
1.297008134
0.153050822
0.798649953
0.799698347
0.363913067
0.670039799
0.057201051
0.121324023
0.30062204
0.148315911
0.108862519
0.207112154
0.278775508
0.126704986
0.508495203
0.117470556
0.128995199
0.292588978
0.248479593
0.181813049
0.437095293
0.61336605
0.089700296
0.095240913
0.099598282
0.125539134
0.088753247
0.273070353
0.130036603
0.104552176
0.143529937
0.208614532
0.126818116
0.151492596
0.174150313
0.252425198
0.102275557
0.308613548
0.291645319
0.16483245
0.155170509
0.43125572
0.309868233
0.127293059
0.261554351
0.118980478
0.206491099
0.175717727
0.285985657
0.114247041
0.28139665
0.107256665
0.194695241
0.126912719
0.148341084
0.107785255
0.050213495
0.223879902
0.140343105
0.382593435
0.24697356
0.110166114
0.142421631
0.176750442
0.139197133
0.07764069
31.6227766
0.111925956
0.35276428
0.447361473
0.102203166
0.17285264
0.11381597
0.764365843
0.1809685
0.414739117
0.246444651
0.38639311
0.110332642
0.886906187
0.413735541
0.095795087
0.106698838
0.213621626
0.256168568
0.218811057
0.088375656
0.694793001
0.364211079
0.069583138
0.393946118
0.249770699
0.170558055
0.213702945
0.106831581
0.202161399
0.134156895
0.098675517
0.070494761
0.137139982
0.167809316
0.172426287
0.091686281
0.27539343
1.376507154
0.101962916
0.097185622
0.108249815
0.110816701
0.24094255
0.283984478
0.088788584
0.286764467
0.184293068
0.265004327
0.122611987
0.19101099
0.08511393
0.180272191
0.09320875
0.083911128
0.187454795
0.147071384
0.26289127
0.095634073
0.13184579
0.303931376
0.311545271
0.861377248
0.218038897
31.6227766
0.627051685
0.067112961
31.6227766
0.146231743
0.130889912
0.075965433
0.346132612
0.176276748
0.40482927
0.059168
0.174942017
0.188948566
0.135143897
0.176020736
0.045874263
0.121710951
0.174622167
0.187611291
0.126321218
0.094167841
0.136827214
0.320090724
0.482835333
0.076591521
0.095817768
0.094764232
0.143513202
0.627536352
0.178258982
0.180576821
0.062857749
0.10713282
0.69073112
31.6227766
0.262565083
0.270851116
31.6227766
0.132767707
0.105857718
0.082591524
0.24296526
0.277815433
0.123009571
0.131705226
0.118411078
0.101907779
0.071132458
1.331607505
0.44935298
0.139708923
0.060095139
0.31109292
0.073523977
31.6227766
0.378310894
0.100441795
1.140698099
0.207555498
0.060970776
0.134068761
0.543194993
0.164317393
0.367701236
0.131364946
0.155431206
0.087218169
0.161308983
0.087023782
0.104901352
0.39002533
0.085887915
2.079703339
0.162269449
0.305156105
0.680411927
0.263785011
0.213002373
0.150371763
0.180652907
0.268427804
31.6227766
0.659098125
0.20650513
0.244215667
0.189005243
0.207626238
0.257862581
0.137331229
0.119937421
0.210237298
0.659751186
31.6227766
0.509886497
0.240136207
0.204766911
0.140213395
0.05517041
0.108563687
0.23676158
0.114408771
0.23588931
0.106573146
0.149941546
0.104787828
0.14245205
0.108511156
0.277024796
1.141545073
0.125860038
0.09610902
0.13453113
0.304623505
0.262642628
0.202379941
1.206542137
0.184498375
0.369703224
0.173334973
0.086124745
0.14271955
0.15737475
0.108394127
0.128275438
0.10278317
0.172027704
0.175192822
0.332015999
0.520951629
0.773482188
0.147767193
0.102043531
0.241239219
0.180210825
0.190583296
0.101702989
0.098726138
0.226623292
0.273959504
0.127939147
0.232475863
0.177026332
0.154638424
0.135643584
0.087578267
0.131663876
0.202520702
0.765944484
0.195270165
0.094366147
0.22849615
0.266236492
0.577969027
0.115947588
0.09938412
0.419559878
0.134847286
0.136245146
0.134347319
0.110822105
0.122878645
0.171230256
0.147387575
0.226342322
0.533799523
0.22243386
0.09844476
0.407351948
0.141884612
0.135565455
31.6227766
0.126001628
0.298571973
0.153346034
0.078391283
0.319410221
0.279339548
0.148193411
0.127160468
0.094360615
0.216711669
0.179010265
0.306193835
0.094123047
31.6227766
0.12100348
0.180802344
0.092683947
0.254468356
0.160948865
0.124560133
0.956743758
0.174273327
0.158249246
0.278782235
0.120379962
0.111722936
0.272618693
0.173499081
0.153232417
0.289612474
0.303088909
0.527195743
0.086859318
0.235461781
0.064542549
0.244600247
0.106781086
0.687239453
0.170625321
0.374859703
0.441705205
0.130876245
0.098063833
0.605071298
0.081252575
0.06519777
0.064708722
0.123295014
0.139038268
0.157972263
3.261970049
0.115149802
0.116446351
0.082811471
2.02141511
0.164345366
0.064683887
0.099600196
0.839656016
0.125840178
0.290364514
0.14576574
0.260313228
0.379855433
0.26715832
0.168685899
0.127871462
0.064192813
0.153062701
31.6227766
0.187615927
0.181350004
0.113804874
0.102399172
1.244031305
0.23201183
31.6227766
0.060919365
0.142444844
0.28716884
0.136101469
0.374374297
0.161638863
0.265506093
0.122925468
0.256328795
1.968225575
0.141561423
0.502339442
0.068931266
0.09307647
0.177497188
0.173641715
0.29223005
0.597845908
0.11460026
0.097515396
0.08591489
0.172143927
31.6227766
0.221907009
0.19445681
0.249943628
0.109600454
0.063595846
31.6227766
0.193403595
0.149754829
0.42860581
0.383348881
0.303101411
0.163835435
0.16910767
0.116263462
0.13160957
0.130545011
0.714469459
0.236614591
31.6227766
0.075761332
0.228656065
0.076758098
0.093067582
31.6227766
0.194465946
0.409289243
0.125322696
0.124275373
0.1061088
0.222120438
0.104329461
0.229100119
0.22075543
0.062042333