57.841045
25.808062
43.607281
27.571117
109.474838
60.063145
36.116615
272.816711
49.464622
31.573500
19.262419
12.790947
236.885101
73.705933
64.492973
43.521942
53.262070
55.619408
65.714905
27.223309
27.753065
109.444656
148.608414
89.933083
28.796352
19.144985
10.890685
74.962120
143.616364
17.918388
22.118528
29.270613
28.645224
3.421212
125.788399
52.084373
10.382710
30.582123
17.789589
18.527998
28.961832
1.069135
29.892906
37.218597
0.000000
0.000000
0.000000
4.504139
22.869167
26.468868
42.077568
19.610168
79.849022
87.055428
43.742916
15.161483
27.456541
4.036536
0.000000
19.914129
2.991913
7.339318
30.526392
13.449312
48.752281
0.000000
14.423412
29.009428
66.766121
1.059865
173.120682
34.754288
58.323166
17.817120
18.561312
70.863968
16.795162
0.593449
42.689247
1.566787
1.562679
7.550004
2.226403
305.626190
67.936005
11.064177
45.458485
84.379723
23.311499
12.866399
62.288177
3.866464
72.466278
60.096016
11.680109
16.195402
30.250708
5.233169
2.657034
124.282150
110.242477
100.807304
63.450478
126.948647
13.409683
59.137291
91.480621
48.540703
22.976929
62.177094
43.571972
32.971470
15.693034
95.598648
10.498534
11.755823
36.804657
41.530884
5.375879
10.413679
61.713974
14.616601
70.638657
23.451942
32.385860
12.225763
76.613342
12.627802
86.925346
26.379883
62.084431
45.443058
86.074844
396.604828
19.950235
50.770248
6.830640
16.393534
82.394585
49.299133
32.008507
51.609661
165.889389
0.000000
79.823898
8.034831
4.995695
95.734123
33.468403
77.194786
1.710581
30.533726
5.812665
16.463980
6.696940
82.146049
1.270290
5.840903
108.970650
87.836632
21.912390
15.237714
20.885298
128.035767
2.070520
7.537652
206.533203
6.442567
16.028391
34.375015
21.895716
87.618484
24.467285
55.560505
102.701538
201.226028
53.169632
35.510406
33.634125
118.956352
13.184386
0.526768
96.185806
105.874619
85.337631
81.429962
17.224546
12.398689
126.847618
12.159441
29.441996
14.238478
66.516228
27.407375
138.037018
30.770065
115.101997
142.022720
28.457165
46.231102
14.468305
109.337898
57.525436
10.824524
10.301857
1.346762
21.033493
0.000000
2.542275
222.016495
0.000000
46.763542
58.368725
173.286789
8.345703
32.180771
6.100775
285.643738
32.673710
28.008980
54.751900
32.274452
475.182983
67.504738
32.793518
28.409708
62.667225
112.769310
53.412991
9.759090
4.288453
170.465332
108.919067
111.354355
48.552025
2.538348
31.469030
30.666332
253.093292
87.126434
2.094955
0.000000
14.504278
13.630346
0.000000
56.729301
89.238052
146.597336
16.938931
12.955487
66.086937
57.648293
71.319656
96.289917
197.634232
0.562959
4.951503
51.232227
276.897949
10.331841
184.986343
0.000000
6.986186
99.121231
0.767526
23.212013
269.001648
55.633579
3.388132
37.035755
7.395220
57.947342
41.391682
131.456711
38.430107
132.044647
90.872620
6.572768
135.560349
0.230205
37.976509
10.737803
2.159012
14.370423
22.039991
44.223957
30.640505
13.877579
0.000000
2.300971
23.448755
16.765907
27.992184
23.196198
15.038152
53.021645
69.515930
22.623577
2.296416
0.000000
3.845387
17.340422
23.848564
50.864227
328.538483
84.844894
17.838289
76.396889
17.970465
88.043945
44.478104
91.069626
49.278080
84.927063
13.029549
0.766386
63.127327
108.259918
55.251816
10.775387
14.495714
24.414469
0.685934
29.376505
7.315334
33.282394
134.815826
49.093525
40.375614
85.110550
60.772324
94.656708
33.790169
32.580223
9.070560
3.683726
1.670473
45.796730
96.033890
17.182205
30.791025
27.530529
96.678093
102.596245
19.470119
13.322774
61.092232
18.502090
31.908813
41.817184
54.349243
130.377899
57.684509
24.380541
1.703533
26.224768
112.295845
19.152239
14.106980
2.992580
74.382492
101.242233
5.679834
54.993034
53.870358
55.403111
81.422020
66.227844
34.105644
46.032951
19.518490
3.508487
20.210484
103.183578
6.025434
49.673031
54.411907
0.000000
62.985531
11.216651
42.525036
162.727814
9.800722
12.814488
45.533672
61.842743
112.309013
21.291929
31.205433
10.665136
112.876671
0.000000
68.296417
30.589874
116.409180
15.442027
38.602276
64.451813
1.091468
32.924938
39.930599
12.865778
69.005753
80.114273
13.454156
33.219460
42.588123
11.921449
10.884789
3.596959
132.545166
18.035786
240.052353
16.713224
87.701370
2.116307
34.347916
7.115435
5.124485
58.380917
103.986771
2.730410
151.468689
235.251648
238.821014
65.781288
51.727669
40.070751
0.092981
75.416756
73.746658
145.819641
0.243731
37.023148
239.004440
100.803429
1.417395
63.147255
11.859771
47.063026
14.756321
6.929480
14.009789
35.142292
61.156925
242.675201
42.682621
0.000000
28.408304
30.405390
77.209839
95.367973
0.645156
18.576178
0.000000
269.455872
49.283066
12.125218
53.984158
7.133901
38.273403
14.184708
66.177399
15.218669
0.257137
49.900105
3.961830
210.457993
115.429398
31.739740
33.164906
11.708821
2.796831
76.141792
105.159737
135.475235
33.744556
0.000000
20.306570
26.444616
16.006218
83.247284
247.252533
0.000000
26.733429
44.589088
5.442571
6.803741
10.883891
37.253979
34.967209
73.978859
57.732124
58.677559
1.957992
17.860460
0.000000
174.221725
19.125458
169.726257
115.451447
0.000000
26.442131
5.968519
63.669834
64.747520
88.816223
20.267563
91.871613
19.051386
20.518993
259.789795
