1.035692
0.976799
0.950401
0.957366
1.043670
1.021501
1.045047
0.966696
0.990050
1.007365
1.039237
1.058968
0.928352
0.975736
0.949904
1.049851
0.929398
1.017841
0.929245
1.000758
1.025426
0.987720
0.999773
0.964864
1.038730
0.960467
1.024029
1.072261
0.962074
1.028313
0.996316
0.985387
0.988898
1.160864
0.982180
1.027272
0.975459
1.068192
1.003078
1.110278
0.942472
1.000998
0.956099
0.938657
0.977718
0.946412
1.038232
0.999838
0.983833
0.967602
0.924714
0.998715
0.916695
0.961200
0.934863
1.193198
0.983463
0.971738
1.019589
1.077907
0.956323
1.076071
1.061007
1.071578
0.989140
0.921136
1.159400
1.007504
0.882501
0.844253
0.973680
0.992640
1.002643
1.016515
1.062729
0.974087
1.000381
1.012014
1.001240
1.150265
0.956122
1.254452
0.960810
0.988886
0.990479
1.076563
1.012386
1.013815
1.067976
0.976131
0.897147
0.988318
0.997269
0.989054
0.962269
0.973472
1.039553
1.228600
1.087155
1.029099
0.951861
0.934163
1.008830
0.983162
1.051847
0.931512
0.956516
0.971617
1.017738
0.975842
1.010985
0.937195
1.116897
1.008117
1.022388
1.227357
1.067474
1.080737
1.016447
1.044482
0.967050
1.018492
1.005974
1.022434
1.023282
1.044689
0.907181
0.997256
0.966912
0.969684
0.963032
0.954209
0.979851
0.946228
1.073293
1.010247
1.105822
1.139903
0.982213
0.937470
1.033484
0.992469
0.935821
0.983217
0.940650
1.058110
1.067902
0.945367
0.957627
0.987653
1.099885
1.013273
1.394029
1.028659
1.041299
0.976332
1.058179
1.052131
0.969087
0.957717
1.205080
1.012832
0.983445
0.998612
0.997431
1.108006
1.005865
1.032247
1.004004
1.019583
1.086734
0.818958
1.020114
0.958951
0.989647
1.029775
0.948136
1.073894
0.964538
0.893901
1.027584
0.872378
0.952363
0.928546
0.963460
0.880211
1.082433
0.994764
0.919645
1.075868
1.037769
0.973239
1.039655
1.031046
0.977237
1.039516
0.906681
1.021358
1.017038
0.945147
1.030876
0.936182
0.975512
1.024730
1.048490
1.118870
1.035006
0.978413
1.008477
0.916857
0.912131
1.004519
1.005078
0.941167
1.025865
0.948453
0.980100
1.024348
1.123898
1.215085
0.943070
1.012981
1.020903
0.867887
1.038138
1.001722
1.040451
0.965040
0.978028
1.042439
1.145785
1.038599
0.976700
0.968690
0.950064
1.091794
0.992541
0.968535
0.954193
0.995745
0.979660
1.012477
0.937979
0.994324
0.967043
0.974297
0.937889
0.958370
0.962018
1.030240
0.997603
0.998697
0.964018
0.933516
1.017889
1.001182
1.062043
0.899663
0.978639
1.063449
1.004151
0.988634
1.137646
0.968044
0.963099
0.979913
0.998946
1.019006
1.023921
1.227731
1.177855
0.994079
1.010499
0.886609
0.955345
0.997318
1.013722
1.049777
0.948156
0.918562
1.045405
1.077344
1.108468
1.032185
1.071800
1.002685
0.991769
1.056130
0.947165
1.056851
0.931850
1.148830
1.003714
1.001750
0.991079
0.976363
0.994309
1.036661
1.109944
1.051128
1.160788
1.009634
1.027765
0.991657
0.924218
0.831051
0.982499
1.021175
1.114317
0.873729
1.016282
0.979989
0.937672
0.946152
0.980902
1.058022
0.935165
1.026696
1.081998
1.134013
1.049981
1.057440
0.929801
0.985288
0.930690
0.989813
0.907989
1.004762
0.875705
0.963411
0.912105
1.005543
0.978572
1.066472
0.960061
0.923659
0.989830
0.925514
0.884705
1.149797
1.018394
1.045146
0.967082
0.988073
1.022443
0.955101
0.947030
0.991881
1.008548
0.967912
0.958720
0.978591
0.862510
0.943725
1.097919
0.952201
0.889641
0.918973
1.039560
1.094613
1.002751
0.890613
1.099540
1.000350
0.998027
1.012154
0.936149
1.003046
0.952612
1.029287
1.056911
1.116727
0.910286
0.946362
0.975867
0.991113
1.044457
0.971025
0.979915
1.022241
1.017176
0.923538
1.030854
1.004922
1.040224
1.047462
0.992209
0.922964
0.972421
1.049747
0.990971
0.957465
0.974561
1.060596
0.942144
1.131750
0.905320
0.963335
1.068614
0.972501
0.991935
1.086858
0.983156
1.002680
1.076889
1.007088
1.152001
1.033800
1.090569
1.069739
0.965714
1.005352
1.032235
1.007653
0.969087
0.994738
0.881287
0.987256
0.990955
0.950873
0.976122
1.065211
0.968074
0.894693
0.967030
0.922816
0.909646
0.973441
0.946405
0.947389
0.973741
0.917158
0.901398
1.006874
0.954847
1.031019
1.059180
0.966138
0.996900
1.023576
1.006499
1.224342
0.980641
1.024576
0.877967
0.935085
0.952820
0.961903
1.015666
1.006011
0.991060
0.938135
0.879516
0.992655
0.963265
0.954481
0.997386
1.058439
0.924383
1.140563
0.981642
1.029546
0.831424
1.021914
0.954712
0.965762
1.121444
0.950914
1.003614
0.940422
0.980850
1.021786
0.992118
0.969684
0.960066
0.954280
1.047019
0.985125
0.944192
1.042593
0.985615
0.983804
0.973928
1.030963
0.984302
1.067854
0.900805
0.885221
0.981357
1.039251
0.976020
0.918085
0.950592
0.958766
0.999825
0.965902
0.998720
0.966272
1.012603
0.960273
0.934045
0.953252
1.036419
1.089843
0.941061
0.921320
0.903928
0.950423
0.972645
0.906502
1.053714
0.894599
