6.688026
18.693605
4.502658
7.094943
4.622819
3.510472
3.573733
5.273771
7.155581
4.764513
3.844578
7.183473
2.925632
6.211996
8.437610
7.579283
14.404433
7.914877
4.660751
6.113383
5.483065
8.842166
14.054770
2.851479
6.580925
1.290592
5.446046
7.627213
10.484129
5.220929
2.407185
6.630269
2.017380
5.346529
10.064639
21.874847
6.755171
10.590911
9.574617
8.077688
8.298477
10.860729
7.923965
2.943704
7.756584
2.937696
6.328954
3.961882
12.099689
9.517134
10.020823
3.379182
6.925410
2.726820
0.365957
3.810472
5.643701
6.021187
1.477396
1.457700
4.012863
2.821142
9.376912
4.511366
5.203713
5.651276
6.774065
4.557055
2.368935
8.779533
6.049391
2.388050
6.975156
6.264191
4.441308
14.548038
8.450203
13.746069
8.796044
2.695315
20.040279
5.276292
7.287881
9.905572
8.165799
8.663659
1.997615
5.532636
8.006177
6.444686
2.419762
8.054128
3.132883
20.243345
2.429952
6.010160
4.550275
3.788603
3.994840
4.651646
9.498741
2.494468
2.343936
24.661745
10.830252
17.169535
6.043806
4.803535
5.037987
2.370420
8.528905
7.766277
6.563856
11.756536
3.492648
10.667228
6.096305
2.617459
3.975246
12.060161
9.315992
4.708499
5.853053
2.949342
3.294539
10.589787
4.864083
7.396643
3.767615
5.494873
3.683087
8.489734
16.160469
6.319520
6.383852
8.325359
20.757696
7.399781
5.641570
3.172426
2.884869
2.615350
14.675505
4.398141
4.588385
17.594210
22.365545
7.479827
8.042675
5.341639
3.469211
4.120695
4.973839
6.230450
11.266122
1.317300
4.366738
5.193776
2.326211
2.984346
1.804123
3.034960
13.636304
1.662372
7.361484
5.054336
14.097814
7.074060
4.304214
3.549677
2.755035
9.163582
6.352511
4.004844
4.681596
7.927798
12.790338
6.247286
13.143638
4.244296
3.711885
2.172569
3.833177
4.623125
7.115506
3.931836
5.886037
3.134256
5.085840
8.245249
7.284713
9.769348
7.370509
13.143560
1.824905
2.486530
42.167496
4.364337
7.698200
19.191284
7.121455
9.488132
10.237689
51.348919
1.666477
9.687809
3.916431
0.679364
6.834690
2.686623
2.250036
7.978423
7.322043
11.667489
15.444255
4.779643
1.957098
1.625956
5.317242
10.496725
9.365884
5.112360
7.002024
5.866415
4.068672
8.200793
1.338758
3.494051
6.572968
23.407396
8.635085
2.509974
4.077528
6.897603
5.103667
10.146010
7.849638
7.228853
8.173974
7.306619
6.165791
9.052912
30.775129
1.735812
14.441463
11.285145
7.865690
10.351925
5.168776
18.211195
6.717197
15.528572
3.476857
2.695174
2.569617
2.575412
