-0.104214
-0.046310
0.003215
-0.079136
-0.104853
-0.005068
-0.120028
0.041464
-0.113502
-0.046673
-0.173488
-0.198017
0.074092
0.005667
0.009821
0.004188
0.139798
-0.192325
-0.019112
-0.156375
-0.198598
0.123199
0.101232
-0.000533
0.067327
-0.102225
-0.089622
-0.088857
-0.057060
0.060927
-0.031964
0.040136
-0.059897
-0.194025
-0.104590
0.029266
0.052015
0.018261
0.042778
-0.014489
-0.071208
-0.000896
0.030420
-0.157767
-0.043830
0.045638
-0.229143
-0.096454
-0.152181
-0.070059
-0.026283
-0.156972
-0.007909
-0.019797
-0.053075
0.148774
-0.031803
0.004729
0.003747
-0.203362
-0.109221
0.030879
-0.056216
-0.077867
-0.166840
-0.014001
-0.021885
-0.155615
0.114337
-0.271673
0.021154
-0.069502
-0.149852
-0.099311
-0.209619
0.016095
-0.166011
-0.280509
-0.157485
0.034805
0.036792
-0.050250
-0.193378
-0.197302
-0.023488
-0.065446
-0.124425
-0.134226
0.002385
-0.343590
0.076917
-0.235857
-0.249296
0.028237
-0.035495
-0.037860
0.057920
-0.263988
-0.093320
0.014823
-0.018476
-0.200075
-0.039002
0.034241
-0.035014
-0.015067
-0.127861
-0.150082
-0.071106
-0.068477
-0.293420
-0.162143
-0.045863
-0.226397
-0.329258
-0.179960
0.034850
0.093267
-0.197999
0.031448
-0.048610
-0.221258
-0.151691
0.134250
-0.332234
-0.120242
0.096115
-0.239221
0.030756
-0.094930
-0.099889
0.078702
-0.054384
-0.177251
0.005147
-0.074967
-0.032085
0.067669
0.029555
-0.217555
-0.102206
-0.106811
0.083372
-0.041238
0.011925
-0.178843
0.068796
0.025652
0.023144
-0.187463
-0.134374
0.024108
-0.174788
-0.114869
0.074934
-0.002699
-0.121221
-0.128398
0.044117
-0.021462
0.008484
0.004522
0.081511
-0.134745
-0.044256
-0.085031
-0.129340
-0.061611
-0.105481
-0.133707
0.070261
-0.230224
-0.097259
-0.264448
0.019602
-0.069632
0.030425
-0.023094
-0.005826
-0.043260
-0.017086
-0.172586
-0.110860
0.018412
-0.219258
0.060204
-0.253501
-0.165784
-0.137822
0.053003
-0.082041
-0.022084
0.018549
-0.014379
0.053599
-0.205928
-0.068818
0.022084
-0.046415
-0.026936
-0.186603
0.033922
0.029882
-0.073628
-0.053461
0.059554
-0.023093
-0.024094
-0.025503
-0.115391
-0.089253
-0.205977
-0.290405
-0.014070
0.082833
0.034430
-0.051039
-0.124257
0.048682
-0.361204
-0.060123
0.018599
-0.089283
-0.093874
-0.091495
0.008438
-0.235021
-0.098059
-0.224217
-0.142443
0.138383
-0.085076
0.107997
-0.055310
-0.156782
-0.166443
-0.140725
-0.082387
-0.101515
-0.165204
0.076056
-0.109795
-0.068081
-0.005307
-0.083005
-0.116470
-0.004073
0.035827
0.106448
0.096643
0.038201
0.079444
-0.119652
-0.097359
0.016037
-0.199793
