1.017376
3.734971
1.096204
1.002037
0.609442
0.678932
0.645634
1.181994
0.899885
0.605126
0.540714
1.067419
0.769562
0.982449
1.518467
1.548472
1.983931
1.199326
0.793709
0.765135
1.095969
1.716925
1.631597
0.611992
1.010249
0.327186
0.654638
1.545298
1.836198
0.898944
0.446315
0.854799
0.399767
1.220710
1.277610
3.637640
1.050228
1.203033
1.766528
1.643630
1.221428
2.519202
1.760065
0.396891
1.597568
0.525661
1.049676
0.541190
1.754811
1.232304
1.679995
0.583654
1.091642
0.531875
0.110575
0.610970
0.852519
0.773307
0.329065
0.347998
0.589557
0.377690
1.869184
0.745183
0.826842
0.972924
0.926673
0.824079
0.406833
1.574015
0.985291
0.454817
1.444691
0.874578
0.581302
1.998656
1.549138
1.437168
1.512456
0.611512
3.329591
0.858884
1.000926
1.433174
1.362359
1.571651
0.465330
1.316800
1.288556
0.978617
0.488603
1.026870
0.441770
3.240026
0.498922
1.406266
0.706059
0.556523
0.566748
1.006750
2.109421
0.611579
0.478191
4.131047
1.942505
1.886184
0.773372
0.768133
1.160484
0.488105
1.248867
1.166423
0.661820
1.127541
0.497631
1.303404
1.027855
0.639980
0.529444
1.586277
1.443894
0.670689
0.780650
0.519002
0.764130
2.538840
0.947007
1.245060
0.648961
0.849277
0.455961
1.645750
2.066051
0.907184
0.805346
1.123557
3.757283
1.438624
1.145326
0.516346
0.768377
0.591020
2.577185
0.698953
0.758897
3.755619
3.815903
0.918779
0.962343
0.901849
0.475473
1.083860
1.051731
1.200067
1.197522
0.328057
0.723143
0.958594
0.416732
0.601214
0.492025
0.534970
1.485486
0.361724
1.170759
0.941748
2.686995
1.505571
0.801693
0.802631
0.557339
1.310805
1.226910
0.526282
0.988389
1.330403
1.440460
1.293401
1.374973
0.784128
0.623766
0.433833
0.617980
0.907871
0.872234
1.022403
0.967050
0.601208
0.778664
1.632246
1.013556
1.372090
1.220676
2.968903
0.417857
0.477167
6.519197
0.778431
1.441670
3.259338
1.224194
1.744842
1.316728
5.005307
0.399079
1.667058
0.961445
0.204130
1.066911
0.721015
0.535860
1.431921
0.890320
1.918291
2.697001
0.762608
0.370356
0.343254
0.942538
1.403612
1.558761
0.599503
0.853959
1.260625
0.727465
1.349511
0.255622
0.708423
0.841956
4.249422
1.021559
0.391460
0.816199
1.374573
0.795483
2.251337
0.903286
1.216825
1.013292
0.736336
0.942493
1.307467
5.720330
0.294431
2.254518
1.414812
1.385886
1.446470
0.936357
2.499569
0.897893
2.291653
0.694412
0.548680
0.518846
0.512554
