1.129457
0.554094
0.900008
1.245324
1.170551
0.773912
1.171910
0.690311
1.133793
1.101605
1.205950
1.256020
0.799363
1.250912
1.167791
0.890029
1.171287
1.136235
1.034602
1.346431
1.172142
0.801021
1.432884
0.750468
1.080658
0.823159
1.161549
1.239958
0.620956
0.907263
0.848469
1.297838
0.965290
0.884235
1.146892
0.675667
1.284107
1.345927
0.767522
0.671788
1.276018
0.606077
0.616233
1.043101
0.811534
0.971869
1.131240
1.102462
1.331520
1.277067
1.101466
0.834946
1.020313
1.014586
0.700225
1.077703
1.111733
1.081136
1.012625
0.785700
1.165703
1.209155
0.641493
1.181219
1.093388
1.220897
1.050871
1.127577
1.046186
1.159701
1.176926
0.885541
0.910319
1.126640
1.148322
0.938327
1.192158
1.330577
1.248957
0.667785
0.579079
1.241600
1.219311
1.353476
1.189178
1.005754
0.823184
0.895028
1.240932
1.295882
1.045738
1.309759
1.138744
0.439383
1.018028
0.780669
1.153797
1.149235
0.993070
1.115993
1.025728
0.705563
0.970317
0.719396
1.007814
1.327578
1.272548
1.086985
0.938883
0.906438
1.406350
1.154652
1.133985
1.423731
1.081765
1.152610
1.037526
0.751996
1.052357
1.401961
1.290195
1.022892
1.128905
0.976117
0.927402
0.684748
0.842131
1.174299
1.137494
1.124087
1.104315
1.046365
1.057685
1.077293
1.127804
1.129039
0.491126
0.645243
1.075876
1.109782
0.781076
0.944518
0.785053
1.066575
0.999229
0.850752
0.665078
1.481735
1.200892
1.045451
1.026698
0.715173
0.896483
0.602021
1.349912
0.721967
1.072074
0.962903
1.001266
0.863729
0.947183
1.071763
1.439178
0.889486
1.265642
0.537922
0.583566
0.661433
0.954894
1.098153
0.996604
1.161878
0.584055
1.174846
0.902789
0.937733
1.399166
0.741321
1.293672
0.898013
1.136602
1.028159
0.987197
1.065213
1.232848
0.841177
1.049399
1.107335
1.047559
0.990205
1.206456
1.166794
0.760851
1.114277
0.818549
1.020125
0.386124
0.863617
1.022167
0.617526
0.814184
0.923044
1.314815
0.532839
0.886345
0.754579
1.110020
0.827544
1.146683
0.846233
0.702448
0.845934
1.275528
0.973008
0.565564
1.129747
1.057144
0.977309
1.085404
1.210744
0.819637
1.184096
1.187166
1.212834
0.589605
1.286192
0.875945
1.114247
1.166654
0.513992
1.372491
1.077621
0.909892
1.124345
1.131501
0.646565
1.140294
1.202601
1.200302
1.242114
1.207395
1.139303
0.799620
1.044908
0.784372
1.114102
1.204719
1.150095
0.730594
0.723256
1.111344
0.659957
0.874359
1.201811
0.939291
0.823995
