0.386650484
0.23128201
0.471213038
0.375400581
0.465049934
0.533648625
0.528905636
0.435409795
0.373806806
0.45808405
0.509940127
0.373080493
0.584542297
0.401189412
0.344242544
0.363209576
0.26347344
0.355427054
0.463154047
0.404411671
0.427020479
0.336276185
0.2667305
0.592091426
0.389783576
0.879908123
0.428469072
0.362066709
0.30882547
0.43760726
0.644399325
0.388330657
0.70387985
0.432437577
0.315195004
0.213804854
0.384724358
0.30726482
0.323159269
0.351827338
0.347116004
0.303424412
0.355223201
0.582745833
0.359034975
0.583341225
0.397465761
0.502336146
0.287471603
0.32413363
0.315883278
0.54391365
0.37996702
0.605469325
1.650792213
0.512216581
0.420900585
0.40749556
0.822440731
0.82797459
0.499135808
0.595265303
0.326547921
0.470758143
0.438330415
0.420618451
0.384187532
0.468392809
0.64957871
0.33747341
0.406544677
0.646974823
0.37860985
0.399514772
0.474455698
0.26216992
0.343985973
0.269708693
0.337156563
0.608996345
0.223376398
0.435305784
0.370398799
0.317715425
0.349924271
0.339722462
0.707351744
0.425103525
0.353394906
0.393881359
0.642723165
0.352341482
0.564883138
0.222253258
0.641374676
0.407869148
0.46874156
0.513692402
0.500260203
0.463607011
0.324447265
0.63302957
0.65303206
0.201362824
0.303851
0.241328207
0.406732444
0.456219999
0.445480174
0.649375293
0.342395385
0.35881088
0.390289977
0.291636476
0.535008186
0.306163811
0.404977635
0.617983829
0.50149127
0.287942282
0.327613763
0.460800186
0.413305967
0.582188764
0.550854336
0.307281124
0.453372186
0.367665869
0.515120832
0.426561501
0.520996806
0.343184277
0.248747992
0.397762279
0.395753334
0.346555211
0.219482534
0.367587914
0.420980057
0.561352695
0.588656161
0.618232853
0.26102895
0.476777837
0.466791301
0.238398091
0.211446523
0.365616001
0.352592234
0.432635433
0.536811806
0.492563327
0.448343094
0.400594925
0.297915776
0.870949299
0.478488727
0.438749452
0.655514223
0.578765538
0.744297568
0.573920817
0.270791943
0.775363418
0.368542704
0.444759248
0.266323022
0.375954196
0.481950714
0.530694292
0.602362096
0.330326693
0.396728232
0.49963515
0.462122012
0.355137328
0.27960312
0.400054859
0.275819956
0.485339917
0.518972387
0.678286673
0.510697723
0.465034547
0.374857833
0.504251364
0.412146501
0.564759436
0.443379859
0.348234486
0.37047932
0.319922646
0.36831703
0.275820774
0.740049741
0.634038802
0.15399476
0.478620297
0.360393707
0.228263604
0.374701251
0.324628583
0.312520006
0.139550089
0.774408433
0.321266027
0.505241856
1.212353686
0.382480079
0.609980323
0.666513238
0.354008961
0.369533834
0.292747159
0.254450002
0.457358593
0.714632541
0.783992839
0.433626637
0.308640138
0.326740094
0.442228589
0.377882859
0.412835083
0.495701572
0.349176975
0.863946442
0.534900792
0.390019398
0.206687481
0.340284013
0.631071972
0.495163103
0.380732038
0.442604976
0.313928652
0.356900802
0.371907782
0.349749265
0.369923611
0.402689574
0.332339426
0.180257359
0.758793487
0.263135454
0.297664599
0.356536488
0.310791023
0.439809025
0.234325123
0.385810135
0.2537583
0.536221397
0.609012269
0.623707997
0.623006164