23.804571
1484.097046
8.786985
4.414504
306.456757
237.478760
5.139046
3.805633
670.333557
197.263214
2994.235596
570.569153
187.333832
26.256952
4272.323242
2667.829834
16.265520
2.949182
38.506351
4.318908
6.154938
12.141765
7.507688
87.883827
55.516846
790.278259
3051.888184
34.998508
399.646423
62.386440
2257.999512
10.278704
129.959091
18.025671
38.099045
61.982109
4.256930
844.207520
31.124357
58.133358
46.471863
139.282928
82.658546
364.943634
1875.985962
15.916016
14.420155
2123.922852
36.176750
76.809219
218.226486
61.185131
1322.165771
352.047119
59.865993
3.278252
11.795722
388.854889
396.437958
279.423553
1302.557007
129.448273
114.754677
3.151799
