2.147378
0.596534
3.799901
7.842391
0.077759
-0.034386
0.153999
0.154316
0.725278
0.160571
1.052570
0.211682
0.789967
0.624707
0.478263
0.226571
4.489777
4.772539
-0.211552
0.742152
0.630060
1.546152
-0.225827
1.338090
1.618418
0.369947
0.231495
2.800656
0.467000
0.839285
0.294072
0.709985
-0.243846
0.513071
0.266212
0.419269
0.607172
-0.301908
-1.002907
-0.495185
-0.145901
0.708829
0.541526
-0.131803
0.511079
0.050519
-0.192937
0.809627
-0.011426
-0.137711
0.433443
-0.533371
0.049842
0.585608
0.011992
4.470781
1.548680
0.160399
0.593246
0.405843
0.661559
0.661358
0.739961
-2.219648
