-0.290411
-0.601872
-0.215133
0.116963
0.241883
0.517957
0.502221
-0.019892
-0.128155
0.495412
-0.557515
0.036884
-0.212093
0.313671
-0.347330
-0.272895
0.979006
0.252610
0.273255
-0.001954
-0.128193
0.514968
0.502845
-0.388959
0.316213
-0.381863
-0.101212
0.108585
0.140252
0.226051
-0.028741
0.323185
-0.111070
0.436279
0.048641
0.016973
0.405987
-0.550153
0.379698
-0.046275
-0.135237
0.054506
0.123189
-0.497149
-0.659293
-0.062100
-0.491781
-0.354175
0.336537
0.133858
0.069330
0.120499
0.105214
-0.087507
0.177724
0.044118
-0.117417
-0.098534
-0.584084
-0.211814
0.613861
0.076924
-0.373892
-0.076630
