3.801168
30.710764
3.329929
3.887119
12.265871
11.441816
1.902521
1.792759
21.667301
10.389114
35.938290
15.991765
9.814690
4.615132
50.235088
33.145611
4.447018
2.150242
3.724859
1.129454
1.624075
2.219257
1.900942
6.733353
5.236174
21.620502
33.969231
5.159976
14.338430
5.866908
30.584513
1.741934
8.856995
3.366438
5.148724
5.643849
1.266278
18.117781
3.099113
4.714538
5.007234
9.646413
5.413367
14.488398
33.134148
2.446798
2.482493
33.333530
3.963810
6.681129
10.393200
5.433465
24.300446
12.872845
6.470358
2.046802
1.600419
13.363570
14.127662
13.410591
25.739145
7.225170
9.403582
0.668101
