0.204956029
0.025957849
0.337330295
0.475893594
0.057123484
0.064891334
0.441079118
0.512542043
0.038623729
0.07119932
0.018274981
0.041864458
0.073061861
0.195150458
0.015299171
0.019360691
0.24794347
0.58220455
0.161149209
0.481130347
0.403044391
0.28697311
0.364937061
0.106670185
0.134209635
0.035572117
0.018101544
0.169032039
0.050022051
0.126605163
0.021044469
0.311895921
0.087719268
0.235527832
0.162008297
0.12701743
0.484619339
0.034417168
0.179243258
0.13115461
0.146689925
0.084732398
0.109990073
0.052346363
0.023087935
0.250650845
0.263329781
0.021698541
0.166256726
0.114101275
0.067693236
0.127841985
0.027501532
0.053296536
0.129242776
0.552220601
0.291151698
0.050711407
0.050224062
0.059822935
0.027707763
0.087892171
0.093349696
0.56318601