9.756069
0.398705
63.049019
10.879054
322.354370
182.448792
184.141830
0.257209
11.314656
50.054375
215.363190
219.389420
10.740499
97.594933
30.100887
0.000028
16.814928
54.610603
108.849663
112.110687
59.629314
708.262085
9.989182
91.541573
0.426732
0.593954
244.625702
2.003517
110.148727
0.000214
0.661056
1202.440186
16.184179
25.004612
425.685486
33.842010
19.233139
1.303314
71.670326
71.701706
0.000044
105.399414
53.312038
31.318592
5.848640
5.647711
10.761912
185.932281
49.504429
71.132019
46.258575
0.000002
56.184139
0.757474
145.263641
361.363434
45.446938
28.625185
27.406271
89.253555
343.429108
2.681462
109.134293
39.782341
622.452087
27.211313
6.221545
9.066504
7.403126
322.596191
20.369781
6.335042
129.239639
0.000000
22.424255
129.933929
421.684692
0.000001
88.611633
0.703425
113.271187
65.903107
0.000246
93.391472
45.022156
58.395493
2.632129
13.543853
87.002342
115.067360
320.611908
70.792915
12.683772
65.610153
20.044464
263.128326
10.411020
0.578383
0.000000
26.267145
422.001892
104.651878
68.722626
87.826378
6.155355
35.314598
35.938923
122.378471
101.926697
6.807637
79.657402
2.454101
45.986107
58.829342
766.757812
52.210735
52.329647
30.627043
227.177368
0.075383
0.736161
91.100502
1.831491
3.125266
107.600365
358.282562
60.449627
15.222208
0.604981
121.660118
79.778351
109.382645
36.442924
81.982491
54.643497
334.134949
0.621007
14.735358
86.957581
2.435148
303.806335
0.065001
50.718815
5.073843
9.488263
10.355589
11.774883
42.145519
5.017876
93.139259
12.270785
14.996637
39.582710
12.475867
297.277832
0.000002
166.045425
65.146545
0.326939
1.401502
25.266579
62.184002
0.745363
7.738191
67.809654
44.762367
28.405714
1.780679
2.592613
20.427519
208.916260
83.824654
26.289127
44.165424
78.079254
11.447786
0.271077
22.000994
28.005953
0.000402
75.871613
45.125671
0.000011
154.112869
1021.377991
0.000000
4.301978
21.263447
5.714376
52.955494
51.531944
12.753034
151.889526
210.080582
12.409216
0.000000
102.801376
50.408455
24.175005
87.879074
24.012457
0.000008
1.166776
0.000003
12.029698
12.822612
155.079208
713.145813
18.696995
2.893978
24.792868
111.759964
911.610046
103.498596
0.000000
342.202301
9.061637
32.891098
2.495094
198.077164
354.042389
112.677696
184.792282
117.733711
13.207300
34.197609
33.401058
0.000001
86.191338
18.407244
62.359871
130.185303
90.681656
39.906567
4.174946
5.064933
184.667175
178.083115
0.386200
39.400906
27.399046
110.960274
12.877172
107.903160
211.521744
0.022953
10.494617
21.888367
3.494614
34.026375
0.101688
30.003036
0.021935
77.958603
68.735100
20.714481
