0.320140274
1.581722198
0.125938173
0.303168779
0.055697095
0.074033505
0.073692382
1.967951142
0.297276194
0.141343109
0.068141745
0.067513585
0.305117807
0.10122415
0.182264941
31.18914308
0.243859445
0.135318613
0.09584831
0.09444404
0.129499011
0.037575321
0.316383117
0.104517363
1.529023389
1.296457563
0.063936384
0.706309631
0.095281435
28.7005789
1.229002134
0.028838195
0.248565727
0.199977556
0.048467997
0.171895896
0.228015109
0.87560639
0.118121045
0.118095195
30.94922303
0.09740446
0.1369567
0.178686586
0.413461837
0.42075116
0.304814137
0.073336712
0.142126017
0.11856715
0.147027706
31.59120118
0.133410272
1.148232013
0.0829698
0.052605033
0.148334751
0.186903857
0.191014837
0.105848524
0.053961103
0.610566835
0.09572324
0.15854384
0.040081751
0.191697863
0.400881465
0.332090248
0.367504871
0.055676216
0.221562451
0.397274762
0.087963085
31.6227766
0.211169555
0.087727761
0.048697377
31.60697706
0.106231223
1.19146865
0.093958994
0.12318101
28.32963498
0.103477056
0.149032859
0.13085991
0.616259932
0.271714523
0.107209194
0.093222778
0.055848241
0.11885078
0.28077515
0.123455705
0.223353079
0.061647486
0.309907797
1.313763301
31.6227766
0.195112592
0.048679072
0.097751721
0.120627678
0.106705067
0.40303074
0.168273884
0.166805908
0.090395272
0.099049866
0.383239187
0.112042865
0.638212518
0.147462623
0.130376499
0.036113586
0.138393578
0.138236251
0.180692604
0.06634627
3.618275606
1.164712737
0.104770069
0.738718669
0.565570875
0.096403124
0.052830724
0.128617361
0.256298999
1.284607627
0.09066175
0.111957902
0.09561451
0.165648472
0.110442644
0.135277878
0.054706433
1.267950689
0.260498315
0.107236783
0.640690325
0.057372117
3.892465233
0.140414245
0.443903628
0.324626342
0.310736042
0.2914092
0.154034905
0.446371818
0.103617063
0.285460572
0.25821923
0.158943127
0.283104796
0.057998666
31.59120118
0.077604202
0.123894199
1.746238126
0.84440006
0.1989382
0.126811072
1.157510526
0.359461364
0.121437001
0.149464697
0.18762448
0.749178438
0.620936819
0.221249123
0.069185142
0.109222352
0.195031005
0.150471372
0.113169498
0.29554273
1.917141131
0.213191055
0.188958777
26.70705453
0.114804121
0.148861829
31.45027319
0.080552521
0.03129007
31.6227766
0.482075918
0.216856754
0.41829011
0.137416976
0.139302055
0.280011724
0.081139935
0.068993156
0.283864008
31.6227766
0.098627591
0.140845832
0.203379761
0.10667307
0.204066942
31.49703942
0.925380252
31.5754489
0.288306602
0.27925105
0.080301159
0.037446439
0.231261043
0.587729333
0.200829662
0.094592114
0.033120372
0.098294829
31.6227766
0.054057742
0.332179409
0.174362952
0.632950186
0.071052882
0.053146143
0.094206115
0.073562573
0.092161119
0.275154448
0.17099987
0.173026804
31.60697706
0.107712392
0.233073994
0.126632131
0.087643024
0.105011747
0.158296887
0.489353347
0.444293827
0.073587487
0.074935465
1.607060866
0.159309394
0.19104002
0.094932361
0.278658881
0.096267769
0.06875772
6.461302036
0.308671131
0.213738816
0.534857715
0.171429586
3.120614717
0.182561906
6.603141862
0.113257036
0.120616732
0.219711348