1.022830
0.055707
6.120744
0.991881
34.504452
19.226364
31.852768
0.043718
1.543016
4.724181
24.366989
25.475822
1.030090
8.296879
3.053284
0.000017
1.288941
5.937644
19.845022
11.194760
5.504675
59.890148
0.868656
8.045364
0.052913
0.094109
15.827388
0.224277
17.504354
0.000142
0.060836
80.107162
1.744864
1.934624
48.096828
2.485288
1.441158
0.167807
6.742143
13.827033
0.000025
19.209242
4.049570
2.309331
0.656081
0.591510
1.002473
28.252752
3.513828
7.124661
3.785021
0.000002
5.169765
0.106333
20.130075
45.605247
3.488221
4.018806
3.147082
10.733828
38.936188
0.340273
20.769163
3.680930
60.297855
2.208994
0.742772
1.129859
0.665294
43.578114
1.754779
0.851656
19.016985
0.000000
2.060676
5.986591
43.601967
0.000001
11.931311
0.101370
18.865574
7.508697
0.000094
7.350312
4.892653
7.005500
0.303809
1.297512
7.731609
15.513536
36.061165
15.391344
1.096195
5.174359
1.562040
33.226566
1.192147
0.080155
0.000000
1.781773
40.394634
14.443969
4.673401
5.036963
0.803893
3.025516
3.258906
25.325573
9.691597
0.756395
10.145609
0.369475
4.962674
4.753594
56.644367
3.709751
6.597601
2.385012
25.150841
0.009573
0.111406
12.682149
0.238632
0.322000
15.131442
35.410271
7.374918
1.055456
0.085673
18.636131
11.243399
17.513447
4.357171
7.933998
4.795943
39.726795
0.095120
1.366289
7.654166
0.279197
40.618336
0.012758
6.198685
0.525452
0.973430
0.996485
1.200054
4.837445
0.544812
7.026744
1.002812
1.331787
3.242574
1.042034
36.461678
0.000002
12.845866
7.504463
0.038909
0.188294
2.044078
4.617521
0.087692
0.796061
3.654481
3.319250
2.203974
0.241193
0.361513
1.857069
21.595501
4.495204
2.119789
3.815086
16.706495
0.967380
0.026267
1.826680
2.168511
0.000142
6.106771
3.485689
0.000008
26.627186
55.938541
0.000000
0.528388
2.494877
0.705933
3.789982
5.725029
0.927088
19.399570
32.597698
0.961213
0.000000
10.974726
4.419631
2.048024
20.348289
2.035784
0.000004
0.138674
0.000004
1.254179
1.158058
22.236609
50.406788
1.347244
0.332808
2.143168
14.751447
51.830750
14.849769
0.000000
43.546936
0.971172
3.101046
0.289187
23.501490
40.704243
10.929491
26.472942
10.253733
1.030991
2.465868
3.636720
0.000001
18.373310
1.617776
5.005690
13.631796
8.761204
3.025992
0.404439
0.480671
32.567307
17.263235
0.062123
3.020585
1.906477
13.242278
1.178194
17.133739
27.220221
0.004601
0.922794
1.378004
0.402880
2.890546
0.018554
2.660982
0.005272
10.160066
4.500030
1.846144
