0.253929
-0.302687
0.101173
0.421464
0.151037
-0.274801
-0.192662
-0.337619
0.005235
0.374789
0.117340
-0.243912
0.131533
0.241373
-0.086944
-0.165597
0.059268
0.049360
0.019218
-0.053812
-0.110606
-0.091123
-0.037530
0.267524
-0.135715
0.137015
-0.131964
-0.246042
0.025927
-0.137521
-0.071259
-0.127850
-0.290695
0.280955
0.057697
0.256851
-0.313100
-0.208252
0.147968
0.349912
0.148495
-0.075515
0.137823
0.103254
-0.035157
0.155278
-0.001417
-0.065980
0.045095
0.251379
0.270384
-0.226021
0.339520
-0.004711
0.703573
-0.087911
0.456743
0.184580
-0.001243
-0.045145
-0.007477
-0.074964
0.294716
0.421504
0.198652
-0.217810
0.275936
0.119578
-0.215773
0.079072
-0.393315
0.164080
-0.228740
-0.036556
0.114130
-0.035170
-0.063775
-0.190934
0.265902
0.271492
0.153987
-0.205548
-0.658858
-0.080543
0.103729
-0.338078
-0.497025
0.208072
0.126193
0.209334
0.072112
-0.173489
-0.002011
0.087467
-0.007732
0.119890
0.255699
0.184759
-0.570399
-0.138060
-0.240070
-0.089044
0.163463
0.211275
-0.062519
-0.336968
-0.022082
-0.269736
-0.130674
-0.282774
0.001623
0.079594
-0.100775
0.153601
-0.248612
-0.248936
0.202392
0.204249
0.047768
-0.548582
0.026169
-0.170030
-0.325801
0.450944
-0.008106
-0.129881
-0.086651
-0.228024
0.207148
-0.122689
0.080377
0.137289
-0.027942
-0.071080
-0.160156
-0.130426
0.388555
0.247456
-0.043552
0.059511
-0.239176
0.116069
-0.188177
-0.414001
0.266960
0.062724
-0.002941
0.114720
-0.203234
-0.264586
0.536488
-0.007246
0.358692
0.305016
0.309593
-0.333416
-0.101683
-0.093176
-0.343680
-0.017622
0.274756
0.290298
-0.271890
-0.102941
0.170782
0.057394
0.508208
-0.240169
-0.185660
-0.057635
0.115474
-0.110636
-0.135590
0.000307
0.006782
0.129130
-0.540787
0.109593
0.146175
-0.326964
0.328588
-0.036287
-0.521429
-0.260052
0.334375
-0.586024
-0.070022
0.204398
0.207658
-0.028629
-0.068722
0.038389
0.155542
0.403147
0.058259
-0.203216
-0.231271
-0.004665
-0.013265
0.052749
0.577579
-0.371629
0.325191
-0.704870
-0.156336
-0.097788
-0.355700
-0.035169
-0.047359
0.148718
0.249370
0.131792
0.169637
-0.086017
-0.539160
-0.159446
0.021790
0.204335
-0.163674
-0.246553
0.105901
0.133543
-0.048209
0.311926
-0.290713
-0.002198
0.194775
-0.251647
0.235519
0.006236
0.183445
0.099058
0.036250
0.446792
0.049009
0.220031
0.444950
0.388019
-0.254270
0.493873
0.258384
0.146392
0.169697
-0.222985
-0.292432
-0.447789
0.372169
0.171850
-0.085846
0.052862
0.252619
0.103166
0.083301
0.215050
0.226905
0.195988
