0.766181
1.103346
1.325991
1.312055
0.591548
1.112881
0.535363
0.657211
1.046667
1.342901
0.618580
0.685506
1.254232
1.074945
1.317280
0.802257
1.446709
1.124552
0.484358
0.613623
1.531305
0.495881
1.227388
1.260252
0.706982
1.030081
0.717160
0.942834
1.371489
1.001497
0.741359
0.483424
1.100955
1.344433
0.395306
1.398133
1.268587
0.842322
1.037498
0.963316
0.816606
0.429913
1.819162
1.683144
1.157430
0.879607
1.125005
0.550074
1.265834
1.017941
1.314640
0.804810
1.193714
1.004162
0.467163
0.484390
1.652563
0.614671
0.919867
0.818272
0.329390
1.017138
0.586561
1.164456
0.439307
1.116802
1.190303
0.976824
1.075646
0.379809
1.064544
0.798178
0.828839
1.001002
1.278280
0.935846
0.452938
0.992209
0.933488
0.837199
0.404176
1.597037
0.844234
1.268920
0.772376
0.707821
1.379049
0.776461
0.881382
0.609650
0.622799
0.709068
1.520111
1.453945
1.290292
0.576634
0.797504
1.069135
0.977184
1.389409
0.358586
0.713401
1.633733
2.080949
0.879462
1.360545
1.034878
0.686678
1.087057
0.861272
0.921200
1.139102
1.184531
0.786157
0.414646
1.552270
0.984173
1.688791
0.806342
0.622916
0.667784
1.057163
0.765175
0.902920
0.397379
0.449006
0.973967
1.109534
1.021345
0.894456
0.929818
0.626852
1.152368
1.191465
0.749906
0.308241
0.912375
1.349274
0.939638
0.921912
0.562494
0.652318
1.165887
0.955133
1.336668
1.045575
0.994321
1.415806
1.065160
1.910514
1.346556
1.113786
1.299535
1.312327
0.232960
1.079850
0.774501
1.266148
0.512324
0.941812
1.257260
1.693350
1.077229
0.673306
0.816706
1.487774
1.324829
0.976305
0.932331
1.243984
0.698791
1.982174
1.195636
1.314232
0.599979
0.759271
0.550932
1.243003
1.570488
0.858760
1.575170
1.776009
0.644888
0.900823
0.556435
0.895706
0.887981
1.031939
0.866911
1.806576
1.411659
1.160060
0.701937
0.308496
0.804237
0.669753
1.168833
1.110439
1.142981
0.363746
1.475509
1.060845
1.078378
0.973977
1.173480
1.098242
0.674242
0.404723
1.821741
1.133800
1.396762
0.964206
0.588655
0.891340
0.996431
0.494386
1.102878
0.935291
0.906657
0.675094
0.357269
1.275190
0.652638
0.854283
0.715484
1.502568
1.061655
0.883484
0.972805
1.338978
1.534964
0.835864
1.058251
1.496057
1.092333
1.179926
0.296181
1.064411
0.841730
1.123416
1.328337
1.133430
1.275670
0.465875
0.514733
0.403459
1.147639
1.484528
0.896014
1.198326
0.886576
1.251406
0.354960
0.765635
1.856580
1.454098
