0.006951
-0.027689
-0.031387
-0.014310
0.023863
-0.038620
-0.000788
-0.049142
0.000958
-0.040615
-0.017352
-0.023434
-0.143433
-0.026186
-0.044850
-0.039274
0.007738
-0.034024
-0.026064
0.014238
-0.003969
-0.039916
0.009279
-0.003397
-0.000817
-0.028805
0.009375
0.059346
-0.037095
-0.059277
0.063876
0.018310
-0.008618
-0.018453
0.012472
-0.094206
-0.014221
-0.038761
-0.007862
0.024545
-0.073404
0.008955
-0.033019
-0.032947
0.012789
-0.024397
-0.011435
-0.022247
-0.077062
-0.038083
-0.001276
0.001511
-0.015696
-0.082186
-0.000043
-0.033987
0.033364
-0.011744
-0.018814
-0.009131
-0.015530
-0.045924
-0.004055
-0.012777
-0.053773
-0.044254
0.004014
-0.037891
-0.041555
0.007555
-0.008943
-0.053160
-0.073332
-0.037036
0.005612
-0.002958
-0.004537
-0.032529
0.020273
-0.036267
-0.036318
-0.011472
-0.009481
-0.064462
0.021568
-0.033601
-0.062194
-0.048015
-0.085720
-0.020819
-0.009527
0.007221
-0.096805
-0.047583
-0.056206
-0.015530
-0.016707
-0.000266
-0.050785
-0.037734
-0.073560
-0.017043
-0.025690
-0.022043
-0.040171
-0.012672
-0.057400
-0.001755
-0.029187
-0.049159
-0.046736
-0.059249
-0.049230
-0.023184
-0.061163
0.015799
-0.024400
-0.029859
-0.036324
-0.051656
-0.036847
-0.029078
-0.006413
-0.049235
-0.017418
-0.004916
-0.008839
-0.018910
-0.009171
-0.046940
-0.020630
-0.025930
-0.049290
-0.005751
-0.035743
-0.066847
0.005596
0.002549
-0.026351
-0.069962
-0.033454
-0.005354
-0.031146
0.016868
-0.006930
-0.060393
-0.045719
-0.025022
-0.037020
-0.022752
-0.006916
-0.038070
-0.031379
-0.046543
-0.032072
-0.066807
-0.039107
0.026049
-0.070893
-0.042212
0.002959
-0.025025
0.023919
0.004436
-0.018109
-0.025730
0.010154
-0.023330
-0.052361
-0.056392
0.003379
-0.002915
-0.027353
-0.042357
-0.066900
-0.026921
-0.035940
0.025458
0.032521
-0.032473
-0.004481
-0.102592
-0.086855
-0.003687
-0.008331
0.005176
0.015956
-0.015238
0.010311
-0.027912
0.008442
-0.011551
-0.049582
-0.055886
-0.072632
-0.019476
-0.044161
0.012993
-0.003150
-0.028850
-0.105989
0.021312
-0.027368
-0.050375
-0.010796
-0.011826
-0.015670
0.024946
-0.014962
-0.039292
-0.019170
-0.035760
0.011836
-0.013150
-0.076697
-0.039102
-0.064807
-0.029023
-0.030565
-0.010325
-0.006779
-0.032386
-0.039708
0.005012
-0.030671
0.015464
-0.014467
-0.056041
-0.037671
-0.022971
-0.005914
-0.004029
-0.031757
-0.028849
-0.021638
-0.024765
-0.035968
-0.045356
-0.016446
-0.008193
0.015602
0.002996
-0.025929
-0.042430
-0.059498
-0.048279
0.014117
0.004300
-0.041080
-0.018328
0.002423
-0.084955
-0.016764
0.012700
-0.018003
-0.013553
-0.018616
-0.075200
-0.011140
0.024661
-0.013926
-0.041741
-0.013398
-0.013524
0.030455
-0.056532
-0.015673
-0.019412
-0.048541
-0.031210
-0.033344
0.029598
-0.043533
0.040332
-0.042436
-0.099929
0.002108
0.017689
-0.044985
-0.009708
-0.018861
-0.039421
-0.015865
-0.024139
-0.034636
-0.034716
-0.050998
-0.037924
-0.049732
-0.027626
-0.005413
-0.047091
-0.049773
-0.037018
-0.017025
-0.036231
-0.037224
-0.051008
-0.031239
-0.011303
-0.041292
-0.048765
-0.035576
-0.003579
-0.011549
-0.029026
-0.010665
-0.018655
0.005855
-0.011649
-0.020476
-0.061301
-0.065924
-0.002650
0.011175
-0.054259
-0.005895
-0.028890
-0.010300
-0.036933
-0.045284
-0.012584
-0.070933
0.001845
-0.008390
-0.053243
-0.004411
0.007095
-0.037475
-0.010909
-0.066110
-0.050805
-0.017676
-0.039810
0.009059
0.016440
0.011004
-0.028357
0.003340
-0.017435
0.013774
-0.003173
-0.029217
-0.029272
-0.021709
-0.032362
0.022486
-0.031716
-0.088377
0.008981
-0.010750
0.005119
-0.065198
-0.020343
-0.056552
-0.010910
-0.036836
-0.019833
0.006971
0.038835
-0.021534
0.010641
-0.057089
-0.013769
0.044913
-0.046711
-0.068287
-0.041737
-0.054684
-0.076324
-0.014892
-0.044275
-0.022381
0.001008
-0.003001
-0.056870
-0.064169
-0.032557
-0.003059
-0.014676
-0.022951
-0.017473
-0.041213
-0.001973
-0.002398
-0.033093
-0.002556
-0.012916
-0.012837
-0.043906
-0.032006
-0.017166
-0.042673
-0.041284
-0.057969
0.026860
-0.011566
-0.032604
-0.045625
-0.026940
-0.002633
-0.020985
0.013491
-0.016448
-0.018182
0.024134
-0.034952
-0.042442
0.010823
-0.009068
-0.026224
-0.042747
-0.025788
-0.049853
0.012076
0.013685
-0.015582
-0.033825
0.027218
0.019433
-0.003758
-0.027929
-0.001474
0.043775
-0.029185
-0.032993
0.006271
-0.008194
-0.059853
-0.039765
-0.047141
0.010906
0.032491
-0.007017
0.010097
-0.029434
-0.008713
-0.006469
-0.019560
-0.028581
-0.041385
-0.020300
0.011940
-0.036677
-0.058336
0.006376
-0.114059
-0.036875
-0.091498
-0.042885
-0.014260
-0.056713
-0.057034
-0.048153
-0.042113
-0.014506
-0.013412
0.021879
0.043064
-0.009625
-0.052603
-0.074996
-0.005063
-0.014476
-0.000238
0.002134
-0.044076
-0.028218
-0.055459
-0.032034
0.024408
-0.056078
0.000656
-0.028443
-0.040857
-0.002155
-0.025708
-0.032843
-0.022904
-0.062825
-0.010828
-0.002037
-0.013167
-0.006697
-0.016276
0.016926
-0.027074
-0.007516
-0.026258
0.003306
-0.030127
-0.035243
-0.020378
-0.038666
-0.040720
-0.006403
-0.042260
-0.038378
0.002852
-0.042923
-0.023581
-0.035690
-0.050994
-0.070397
-0.016324
0.032808
-0.031854
-0.043369
-0.032190
-0.027513
-0.022421
-0.055888
