1.485315
0.630840
0.846720
0.548881
0.628611
0.701870
1.111851
2.368998
0.634144
1.536907
1.241997
1.687301
0.727727
1.151176
1.855377
0.691451
1.674429
0.422741
1.428602
0.683933
0.816165
0.603697
0.770684
1.061574
1.231932
1.507326
0.640682
-0.120456
2.102974
0.735186
0.877625
0.735711
0.878895
1.442215
0.165374
0.222604
0.895591
1.846621
1.335253
0.234684
0.947533
1.164477
0.932456
2.360728
1.781938
0.471615
0.393017
0.879049
1.472053
1.432934
1.344250
1.214052
0.698600
0.607183
2.199487
1.172477
1.393173
2.000148
0.111855
0.482001
1.275284
2.051885
0.724900
0.691126
0.709828
0.750194
1.201378
0.572760
1.355126
0.963761
1.439949
0.861153
1.174213
0.409282
0.590081
1.355845
0.679247
1.707693
1.058627
1.021881
0.235770
0.381182
0.493818
1.575741
1.453836
1.282315
0.655701
1.545506
1.718039
1.159177
1.103448
0.581618
1.434539
1.123592
1.048370
0.938403
1.989318
2.113703
1.043449
0.644050
1.490289
1.703135
1.495360
1.339531
1.225986
1.522867
1.874148
0.766086
1.305255
0.866122
0.803400
1.542821
1.766126
0.645822
0.834906
1.090546
0.578761
0.873574
0.928929
0.578010
1.049520
0.613099
1.436878
1.511835
3.014972
1.187224
1.132300
1.054919
