7.169774
6.645882
6.383031
1.258536
3.407532
11.954421
20.612553
39.293941
2.735049
39.636364
7.123813
6.430064
2.191638
9.646949
19.791082
0.905973
24.368793
3.372110
7.326220
20.670063
8.808857
2.803028
1.873837
7.009477
2.763564
9.956178
16.720444
31.322638
5.091442
2.355930
22.924494
6.113652
8.205693
15.579263
2.739091
10.867522
5.654387
6.539746
3.170646
0.977536
13.632644
7.094551
19.261538
11.732053
6.829536
14.681615
1.263354
10.850858
6.334039
21.250561
1.782561
6.363397
14.911597
10.733090
9.268659
15.237384
13.910769
11.316043
3.645455
18.698404
5.479582
8.185966
1.577680
10.167965
3.429821
2.418963
9.906574
6.130404
7.241581
11.145096
7.555878
23.228601
12.951465
5.836442
29.804539
7.480256
7.842505
21.350954
3.844945
13.195560
3.448470
4.864230
2.668312
5.905147
4.440902
20.796263
3.228366
7.329107
7.706625
2.309922
5.766564
2.003527
2.686999
1.558946
1.108869
6.826079
14.765536
5.815049
22.268181
7.416197
2.071973
2.462677
13.024222
3.893959
13.170170
9.554863
13.740178
2.551486
5.364599
6.629061
13.054048
13.641163
4.110298
6.871856
5.556503
15.029135
15.647282
20.412815
3.975482
7.258531
1.663777
28.486849
4.674143
13.101271
10.157485
1.925497
1.384374
9.830922
