-0.345858
-0.184864
-0.043257
-0.048383
-0.561225
0.012734
-0.024749
-0.060099
-0.273281
-0.129384
0.260841
0.090564
0.124623
0.118739
-0.124019
0.090447
0.019821
-0.003397
0.095539
0.119954
0.250576
-0.277031
0.306539
-0.157018
-0.259130
-0.041436
0.140200
-0.097659
-0.171945
-0.125999
0.064546
-0.006945
0.214938
0.110142
-0.160975
0.232531
-0.209306
-0.014486
-0.064254
-0.328579
0.061843
-0.119424
-0.006310
-0.163748
0.237282
-0.161726
-0.083016
-0.430987
0.405339
-0.194581
0.035796
0.570174
-0.140340
-0.394341
0.095648
-0.086420
-0.157759
-0.272470
-0.364189
0.179270
0.080185
-0.235088
0.038917
0.443153
-0.370426
-0.105624
-0.311512
0.054415
-0.542727
0.222069
0.136469
0.581482
-0.043230
0.008561
-0.134919
-0.301712
-0.266045
0.434941
-0.289064
-0.201001
-0.044322
-0.044637
0.062074
-0.121852
0.110706
0.662461
0.373009
0.130978
0.197127
-0.451502
-0.057415
0.354847
0.120336
-0.003291
-0.113774
-0.147273
0.302652
-0.107498
0.028221
-0.341293
-0.280925
0.305087
-0.137702
-0.171325
-0.025873
-0.101352
-0.020077
-0.221591
-0.129435
0.171590
0.307089
0.075813
0.162118
-0.075311
-0.137342
0.526681
-0.197079
-0.055188
0.007955
-0.033179
0.114226
0.062189
-0.391044
0.010151
0.430835
0.368336
0.313872
0.225681
