80.945114
129.486618
109.665558
14.907251
60.290123
273.199036
622.573975
948.790405
45.665730
1130.555786
102.058388
83.689156
35.666878
108.910110
273.969940
8.944453
405.657776
61.580875
97.335854
543.207520
226.845963
54.033215
32.820969
98.224495
28.322994
188.690247
360.896606
919.727600
99.689247
46.816414
650.310486
98.131882
194.117249
210.002579
60.039143
346.821838
91.765457
69.927574
55.256264
22.169561
357.058044
100.751930
486.284363
154.646011
78.801987
464.191467
14.417137
139.014450
88.890800
456.244904
19.419853
140.097992
301.862152
176.001221
128.380432
367.400482
378.064209
166.529114
88.220528
318.134064
128.287689
153.201920
32.620785
199.525452
52.023949
34.982441
161.177048
137.403839
103.105515
174.962784
161.576599
500.187958
469.248627
77.136055
831.169678
154.428604
164.995712
311.838654
63.853271
270.028931
63.910568
97.286613
76.393791
74.064095
58.746933
408.760376
41.122303
115.871811
106.727448
27.730955
147.108902
27.853436
26.816824
20.804131
18.175844
87.303703
195.686432
131.289459
347.175964
151.483551
21.946981
23.496174
303.141724
45.178917
200.535614
125.133278
207.654922
60.719891
102.210068
113.639320
271.984772
279.041626
60.372795
132.618164
99.689377
414.482544
269.457336
826.682251
83.228203
144.714432
26.700987
861.881958
93.453842
324.746735
141.636246
27.011675
16.741903
207.589066
