0.111148088
0.087879156
0.095491099
0.25899218
0.128787382
0.060500592
0.040077827
0.032464942
0.147978984
0.02974088
0.098985942
0.109310734
0.167440828
0.095821708
0.060415413
0.334348078
0.049650035
0.127430547
0.101358774
0.04290587
0.066394716
0.136039672
0.174549128
0.100899238
0.187898258
0.072798784
0.052639045
0.032973888
0.100155237
0.146149148
0.039213832
0.100946839
0.071773945
0.069005968
0.12905628
0.053696522
0.104389789
0.119583886
0.134525716
0.212379043
0.052921236
0.099625648
0.04534761
0.08041355
0.112649342
0.046414209
0.263357339
0.08481418
0.10606428
0.046816669
0.226916381
0.084485561
0.057556576
0.075377361
0.088256945
0.052171046
0.051430014
0.077491418
0.106466435
0.05606531
0.088288841
0.08079165
0.175083871
0.070794539
0.138641794
0.169070851
0.078767499
0.085309812
0.09848202
0.075600718
0.07867005
0.044712911
0.046163426
0.11385929
0.034686054
0.080470133
0.07785067
0.056628405
0.125142557
0.060854689
0.125086449
0.101384421
0.114411091
0.116196543
0.13046791
0.049461248
0.155939453
0.092898613
0.096796555
0.18989335
0.082447795
0.189475392
0.193102649
0.219237465
0.234552875
0.107024
0.071485594
0.087273706
0.053669129
0.081248589
0.213453221
0.206296654
0.057434974
0.148774084
0.070616008
0.089394717
0.069394946
0.128330809
0.098912468
0.093806682
0.060635492
0.059863861
0.128699175
0.08683541
0.100155172
0.049118642
0.0609192
0.034780068
0.109613017
0.08312709
0.193521049
0.034062448
0.103442521
0.05549156
0.084025531
0.192404933
0.244390669
0.069405952