3.675024
0.973831
0.297402
10.594774
4.527226
2.149997
3.257802
65.410461
59.039482
14.990936
6.276613
20.182896
10.429684
109.607735
6.965756
32.617481
89.276001
4.627234
20.105589
17.603096
1.752981
2.064319
8.755012
81.803429
4.690854
2.604482
2.403802
2.970978
15.788101
3.031139
72.671127
31.319118
4.007339
5.989720
71.772171
13.789868
42.411861
17.737875
0.418938
3.219512
4.116516
7.812120
6.328904
1.488583
0.157788
1.702487
7.192206
23.695538
8.506429
1.029720
7.658170
2.509399
6.094329
28.762272
4.767666
0.450278
0.390187
5.953918
8.868212
5.591714
0.858415
3.398603
6.283348
2.646467
8.092913
3.415141
76.997803
115.251999
1.164522
102.681915
7.023096
171.824661
2.987154
29.328451
0.003675
8.135129
3.013487
4.259937
5.020989
26.874826
3.548582
21.338518
1.317633
38.692474
2.038586
1.632483
6.094171
62.760750
4.475079
3.604972
3.118051
1.225600
37.353302
17.859804
0.672065
1.589227
4.059644
40.814529
20.420809
6.072238
4.621439
6.992458
7.605256
11.081129
0.006649
4.499831
28.277094
1.873131
4.495562
14.953645
26.885460
1.415583
3.875890
3.824684
4.773671
30.494137
77.841721
4.198001
3.800596
2.722011
47.100357
44.837303
0.571774
43.577736
5.308358
3.043320
3.141115
53.620720
2.116505
72.965622
6.727457
6.982200
8.876494
44.044594
22.328135
3.765563
0.648342
0.000799
3.422362
88.227173
25.641060
23.946646
29.187109
140.383499
54.208549
81.586823
0.965011
7.874480
19.466724
1.567879
4.013512
7.523001
11.071191
22.141140
4.021722
1.766856
11.640674
50.713371
0.801994
43.451630
3.963052
2.782166
1.484618
0.000103
48.848949
5.495566
7.582220
20.894871
61.722336
7.102945
121.007133
27.305910
138.510880
4.317553
64.971146
0.471318
7.472527
3.313558
36.071796
29.615091
175.338928
3.652554
19.796961
9.113956
2.093328
3.636596
15.362111
9.303379
71.823601
0.000330
6.477566
3.466390
8.935472
3.651891
65.444778
1.899276
10.831713
5.226291
24.565464
1.277386
8.275390
5.349516
1.463008
7.998785
14.935248
6.179796
3.113092
171.251633
5.201118
73.024513
10.795003
3.853015
15.547360
8.901929
1.915758
2.568819
59.390301
1.639265
115.216187
60.692650
44.943478
2.877266
0.344064
32.520264
1.356735
4.988204
2.441109
149.395081
32.674824
7.988448
42.238220
1.792465
51.031368
1.828640
4.366572
3.867731
0.190664
17.064987
1.806236
0.285826
4.131917
0.910004
3.192064
5.515549
73.370575
74.022041
0.000767
11.133251
5.287838
1.324791
3.443358
1.697895
24.140730
4.783752
1.212911
26.810123
15.288462
46.145950
36.690247
105.592361
89.735825
0.119373
61.925774
6.557818
1.467022
5.914425
0.214871
1.933903
2.341622
3.541218
1.728863
48.689194
40.771534
6.197089
6.400695
65.904984
14.559925
0.845704
4.969128
87.051773
10.503248
0.176747
4.823286
6.777494
7.187361
3.321814
3.593083
1.421776
12.192531
107.992088
15.762476
0.046134
0.327100
3.929202
43.705551
9.397975
6.100383
1.157774
63.246777
34.108414
6.934166
133.051453
20.243071
47.590271
6.440660
2.475801
34.567448
1.524108
4.033527
8.061919
2.223096
71.900421
6.598658
0.617373
2.122940
4.760849
3.037249
0.008541
2.340592
7.988114
9.462750
5.746329
6.430160
3.065440
2.262089
33.979576
77.359337
3.946061
1.767248
6.538638
0.583376
32.662422
40.370720
9.516455
24.093090
3.790025
16.154139
9.891274
6.791163
8.422385
1.449847
6.100192
3.075037
6.043800
26.706663
3.051648
144.384415
0.724035
0.001622
4.973057
1.199217
33.405231
100.966469
38.647789
36.447552
5.166743
5.049597
16.864481
4.081921
13.835085
10.969784
22.908236
10.187162
6.710758
18.084146
51.438278
67.133560
0.000607
1.594537
7.876479
2.933606
22.745546
3.474088
13.252978
0.382256
17.890287
2.919694
2.353960
6.331826
2.431260
86.086769
17.726372
76.989410
40.040138
0.000574
0.000321
147.042114
10.181800
8.001096
1.839242
156.272659
0.677060
8.883445
13.134905
3.520389
1.229586
0.950904
39.199932
4.505320
2.247788
4.570033
39.787430
107.199707
0.282206
148.190460
83.298653
1.583961
84.059135
2.179015
4.808626
1.608809
9.050779
29.099638
0.316195
40.683277
3.945225
13.119366
8.022673
1.039152
14.690171
13.770657
3.104695
1.508639
2.330194
45.180794
35.911491
6.359455
11.751930
45.808964
28.795259
3.727283
0.532398
5.158446
1.513967
131.604248
5.036736
82.651489
17.051586
6.875311
3.597686
2.411693
14.475958
6.299140
23.439936
17.932281
17.474180
0.740755
13.353121
0.258878
0.302633
3.980888
49.711430
2.261384
49.725700
103.501595
6.837117
105.803864
4.576112
3.628003
69.771652
60.168549
6.595908
4.580956
6.007616
0.160674
9.684361
6.067925
10.925675
2.812462
0.885156
23.090176
3.162660
2.052340
22.737747
7.053565
19.248089
8.359889
11.871416
62.171185
26.519869
103.401451
3.473692
50.715839
32.234894
4.691126
1.046631
52.660809
74.014679
2.498129
10.647943
21.504057
5.346540
2.719916
8.430095
0.033185
7.445893
2.503977
1.875531
32.533936
7.375418
0.132075
111.703636
2.905817
0.467755
64.491554
5.411492
149.870972
2.341333
11.558458
6.685148
84.946655
41.689869
