-0.066350
-0.129731
-0.011876
0.169094
0.141403
0.170965
0.163481
-0.096081
0.005341
-0.123824
-0.102639
0.124889
0.004569
0.079325
-0.005888
-0.093420
-0.176321
0.099815
0.071785
0.052013
0.017207
-0.114277
0.157083
-0.063324
0.300973
0.032271
-0.206995
-0.030222
0.028352
0.221445
0.020547
-0.027648
0.158861
0.049110
0.160791
0.174319
-0.035852
0.150601
0.083298
0.104257
-0.099377
-0.028432
-0.058247
0.003482
-0.228352
0.094070
0.000306
-0.090379
-0.168548
0.230431
0.005728
-0.083341
-0.020250
0.098312
0.131500
0.238286
0.126562
-0.023861
0.229279
0.085533
-0.062865
0.050464
0.220756
0.112057
0.006755
0.272752
0.015078
-0.077644
0.170289
0.008132
-0.069738
0.054481
-0.023089
0.115409
0.061966
0.171595
0.129485
0.023204
0.063206
0.014103
0.150769
-0.082704
0.166548
-0.017816
0.136863
-0.046933
-0.184617
-0.085992
0.062646
0.353864
0.001482
0.129636
-0.121781
-0.269428
0.187998
0.160142
0.140075
0.140671
-0.134227
-0.187403
0.134118
-0.126244
0.133689
-0.090645
0.146948
-0.070339
-0.024204
0.226874
0.033143
-0.102069
-0.120284
-0.047061
0.137377
0.229097
0.124722
0.038075
-0.100660
0.117968
-0.054861
-0.221716
0.047562
-0.018766
0.236765
-0.109554
-0.074568
-0.075570
-0.104801
-0.163782
0.163821
-0.037230
-0.097104
-0.020437
0.093418
0.037745
-0.083085
0.222031
0.036148
-0.075516
0.386527
0.048237
-0.106502
-0.045347
-0.129324
-0.058660
0.066536
0.104251
-0.143757
0.039170
0.132854
0.097213
0.004226
-0.230201
0.020717
-0.160425
0.144088
0.280845
0.216119
0.014339
0.164191
0.027252
0.158725
0.225139
-0.158169
-0.087851
-0.113398
-0.220500
-0.236022
0.094932
-0.071345
0.109999
-0.075511
-0.000149
0.025390
0.159003
-0.190328
-0.215860
-0.056150
0.066960
0.070661
0.017321
0.173046
0.178546
0.078391
-0.150280
-0.159351
-0.007238
0.039269
-0.089448
0.156374
0.006064
-0.081184
0.123393
0.044759
0.069595
-0.139799
0.067524
-0.228634
-0.041631
0.220673
0.127419
0.266335
-0.051000
-0.122655
-0.011813
-0.076732
-0.538903
0.087628
0.030580
0.127861
0.017668
-0.085827
-0.125972
-0.137400
0.430626
-0.166682
0.284149
-0.086241
-0.074686
-0.015275
0.124400
-0.112714
0.080679
0.098850
0.017571
0.133326
0.271094
-0.146956
-0.095710
-0.110959
-0.029850
-0.183633
0.108628
-0.077097
0.075622
0.225417
0.004344
0.256624
0.091998
0.087476
0.082297
-0.171996
0.422747
-0.142705
-0.203896
0.084985
0.166089
0.091781
-0.083376
0.226184
-0.024264
-0.036673
0.248515
0.025076
0.083664
0.114123
-0.070550
0.114190
0.171788
0.136191
0.011471
0.101289
-0.281209
0.325594
0.028260
0.062052
-0.063823
0.248624
-0.144601
0.047828
-0.016261
0.046891
0.020743
-0.208658
0.147348
0.040146
0.071702
-0.026781
-0.050262
-0.039226
0.095856
-0.235951
0.134668
-0.052785
-0.190043
0.382669
0.199398
0.043614
0.211366
-0.095804
-0.148991
-0.068881
0.297819
0.009783
0.263266
0.158548
0.245538
-0.093391
-0.022952
0.046172
0.010342
0.115384
0.127609
0.004206
0.081071
0.235213
-0.040974
-0.170997
-0.149712
-0.315415
-0.074823
0.339442
-0.122272
0.032486
-0.079939
0.145271
0.337307
-0.026290
0.104536
0.027912
0.036182
-0.058558
-0.068215
-0.098656
0.135900
0.117305
0.078533
-0.036022
0.156263
0.148076
0.155617
0.227836
-0.133721
0.147308
0.512451
0.114242
0.044403
0.069316
0.148929
-0.039606
-0.040496
-0.087855
-0.090267
-0.032805
0.499434
-0.125193
0.044214
0.092440
-0.127396
0.133330
0.161725
-0.174658
0.025428
-0.151015
-0.025942
-0.103277
-0.079229
0.296847
-0.109323
0.201457
0.053105
-0.143207
0.035631
0.084370
-0.110235
0.050369
-0.058689
0.100702
-0.074407
-0.041129
0.039549
-0.053658
-0.110696
0.262364
0.008266
0.146652
-0.106341
0.091830
-0.310700
0.088672
-0.092212
-0.063455
-0.126577
0.036461
-0.036697
-0.051607
0.033694
-0.252086
0.130067
0.075030
0.226050
-0.090578
-0.090117
0.045252
-0.131993
0.099475
-0.157004
0.096369
-0.092109
0.183907
0.098495
0.154828
-0.125603
-0.050748
0.070460
0.252622
0.228299
0.327667
0.105186
0.065647
0.068162
0.133198
-0.177767
0.036572
0.011870
-0.286082
0.017800
0.111421
0.030219
0.138423
-0.234216
0.038287
-0.173726
0.036476
0.018236
-0.184372
-0.033265
0.229958
-0.120443
-0.032749
0.107703
-0.128455
0.023122
0.382220
0.215780
-0.019897
-0.008471
-0.010946
0.191616
0.137570
0.095316
-0.018596
-0.068205
-0.056935
-0.094402
0.103639
-0.174202
0.105547
0.064273
0.010849
0.020259
0.055810
-0.075158
-0.043189
-0.153709
-0.010452
-0.118354
0.016860
0.328964
0.071040
-0.185128
-0.144849
-0.020134
0.169078
0.213340
-0.007419
0.071223
-0.165504
-0.016554
0.058411
-0.309025
-0.021448
0.433518
-0.035044
-0.088981
0.115834
0.046496
0.119310
0.154429
-0.065872
-0.095877
-0.063212
-0.087625
-0.036640
-0.097125
-0.023485
0.058579
0.138048
0.027484
-0.061138
0.016712
0.098015
0.030746
-0.053383
0.010327
0.031292
0.160425
0.016576
0.076887
0.101430
-0.046921
0.079321
-0.005783
-0.241676
0.246651
-0.045874
-0.194742
0.111025
0.101904
0.400588
0.111283
-0.120472
0.209088
