0.521567871
1.012827149
1.83062393
0.307208803
0.46993301
0.681836267
0.553950569
0.123644008
0.13014427
0.258268322
0.399119301
0.222585823
0.309630408
0.095516284
0.378865186
0.175092738
0.105835217
0.464828069
0.223013318
0.238337915
0.755070595
0.695835257
0.337945623
0.110563452
0.461665855
0.619520899
0.644852426
0.580065725
0.251664118
0.574282321
0.117304876
0.178685086
0.499479626
0.408564369
0.118037209
0.269280062
0.153550493
0.237430749
1.543147403
0.557233913
0.492813223
0.357756681
0.397467331
0.819346582
2.509522886
0.766179607
0.372853952
0.205427012
0.342847379
0.984985072
0.361334263
0.63114424
0.405043273
0.186457929
0.457932585
1.488599672
1.598850264
0.409790709
0.335782055
0.422852297
1.078694676
0.54235781
0.398905374
0.614588914
0.351496281
0.541043403
0.113961462
0.093148075
0.926274615
0.098684945
0.377315617
0.076287958
0.578493538
0.184649456
14.62544848
0.350583189
0.575961285
0.484448308
0.446233449
0.192894165
0.530776142
0.216474974
0.87083932
0.160761163
0.700211096
0.782424949
0.405048523
0.126227063
0.472662479
0.526609664
0.566224637
0.902918434
0.163617475
0.236618936
1.218909597
0.792994981
0.496252311
0.156526288
0.221285468
0.405779264
0.465119348
0.378141214
0.362588922
0.300392026
11.43398635
0.471361
0.188050691
0.730466036
0.471584701
0.258590131
0.192856015
0.840192861
0.507876667
0.511264282
0.457644528
0.181085929
0.113342032
0.488008078
0.512881482
0.606003737
0.145707964
0.149339749
1.321321045
0.151482577
0.433989273
0.573132254
0.564142686
0.136561925
0.687207321
0.117067914
0.385515869
0.378418848
0.335625389
0.150677624
0.211623577
0.515261131
1.24097563
23.57677605
0.540472482
0.106462426
0.197480193
0.20434715
0.185095994
0.084399606
0.135819492
0.110710122
1.017440367
0.356337463
0.226643052
0.798371959
0.499095461
0.364565508
0.300526806
0.212515301
0.498585897
0.752101676
0.293084117
0.140421781
1.115947722
0.15170223
0.502262008
0.599418917
0.82043924
30.11010318
0.14307638
0.42653461
0.363139233
0.21876093
0.127284437
0.375189093
0.090906036
0.191365534
0.084968214
0.481205822
0.124061319
1.455066197
0.365794521
0.549271656
0.166498413
0.183753717
0.075519584
0.52316928
0.22474486
0.331224697
0.690999369
0.524315586
0.255129346
0.327835745
0.117994941
27.42042486
0.392880575
0.537030132
0.334516043
0.523216755
0.123611587
0.725423563
0.303830509
0.43738276
0.201757029
0.884441265
0.347599807
0.432316853
0.826472248
0.353558142
0.258749335
0.40223309
0.566675297
0.076415485
0.438439729
0.1170207
0.304346633
0.509381655
0.253604938
0.335145618
0.722297909
0.623804829
0.129759326
0.780805729
0.09316255
0.128359605
0.149163247
0.589433122
1.702355169
0.175354248
0.858207871
0.447697191
0.639907909
0.081814522
0.174939035
0.35378679
0.153865784
0.746712716
0.139983594
0.739293992
0.47849782
0.508411931
2.284176853
0.242066279
0.743862329
1.867199583
0.491894151
1.04770703
0.559623816
0.425761375
0.116744406
0.116229545
23.7893034
0.299688099
0.434830369
0.86848529
0.538822667
0.767214374
0.203524083
0.457162168
0.907625265
0.193126779
0.255743084
0.147207012
0.165089238
0.097315427
0.105563711
2.882275285
0.127075191
0.390469584
0.825341567
0.411156371
2.152300211
0.718903174
0.653354507
0.531327577
0.760316027
0.143310908
0.156608795
0.401671572
0.395232374
0.123179256
0.262062885
1.086761374
0.448555528
0.107178752
0.308544292
2.371913573
0.455285141
0.384090347
0.372979584
0.54858886
0.527479941
0.838362289
0.286375102
0.096228124
0.251868587
4.606094579
1.74580963
0.504420309
0.151260918
0.326181821
0.404842275
0.928967732
0.125741132
0.171223303
0.37972708
0.086693903
0.222254762
0.144956051
0.394004426
0.635410581
0.170082668
0.809747658
0.497855933
0.352171212
0.670537754
0.117931891
0.389259558
1.271670921
0.6861655
0.458260253
0.573704582
10.23771539
0.653498187
0.353794185
0.325063622
0.417125721
0.394325936
0.571061346
0.664735975
0.171547594
0.113694858
0.503341896
0.752018305
0.391041766
1.308138761
0.174972243
0.157384288
0.324145192
0.203725192
0.513596051
0.24879672
0.31794495
0.383703667
0.344553507
0.830212355
0.404848611
0.570169816
0.406732646
0.193500484
0.572349932
0.083222036
1.174412091
19.52916417
0.448378336
0.912788402
0.173015997
0.099519747
0.16085407
0.165637955
0.439895527
0.444967859
0.243500936
0.494896647
0.268839692
0.301912551
0.208927062
0.313294001
0.385995157
0.235146755
0.139428825
0.122046949
24.94549129
0.791674324
0.356292248
0.583747588
0.209672885
0.536434989
0.274679898
1.61530865
0.236417276
0.585136205
0.651640747
0.397375623
0.641202196
0.10777779
0.237507769
0.113967674
0.15803264
25.20563459
27.51367425
0.082466517
0.313376476
0.353507084
0.737161306
0.079993944
1.214411685
0.33549407
0.275911626
0.53289666
0.901454923
1.024951757
0.159717243
0.471073838
0.666846295
0.46772741
0.158533701
0.096583108
1.879095164
0.082146377
0.109566655
0.794311243
0.109069911
0.677283131
0.45597848
0.788157159
0.332378581
0.185373967
1.775566055
0.15677857
0.503395209
0.276074964
0.353031444
0.980509026
0.260898627
0.269467815
0.567440852
0.813885754
0.654953989
0.148770994
0.166869604
0.39651161
0.291693617
0.14774746
0.186351102
0.517899587
1.369223387
0.440249087
0.812453312
0.087169267
0.445535483
0.109994769
0.242161376
0.381348678
0.527142489
0.643797029
0.262821774
0.39840511
0.206543972
0.236140307
0.23921542
1.161100357
0.273648043
1.961621632
1.814786395
0.501135859
0.141829804
0.664839539
0.141809453
0.098293405
0.382412198
0.097218112
0.467416706
0.524935974
0.11971743
0.128917425
0.389340683
0.467169566
0.407955484
2.487023611
0.321323208
0.405923425
0.30252132
0.596182842
1.062294441
0.208102345
0.562218456
0.697862025
0.209708839
0.376499913
0.227926546
0.345838844
0.290222078
0.126824143
0.194180728
0.098340992
0.536465556
0.140418365
0.176128704
0.461652474
0.977002848
0.137800919
0.116235326
0.632565735
0.306440914
0.215640188
0.432437133
0.606236992
0.344395929
5.408566924
0.366448074
0.631826924
0.72999877
0.1753174
0.368194452
2.74126968
0.09461596
0.586531248
1.460585697
0.124521749
0.429834595
0.081684525
0.653394812
0.294124542
0.38673369
0.108498642
0.154874361