0.671432
0.159138
0.051722
1.293988
0.878095
0.410937
0.646257
12.449258
12.696589
4.430186
0.783784
5.758149
2.418194
17.181686
0.863486
10.023297
13.285769
1.025732
6.293368
2.439408
0.329500
0.232061
1.040106
13.787885
0.646661
0.367716
0.572122
0.584882
1.390614
0.618899
12.876333
6.150702
0.534921
0.769924
9.740145
1.124225
11.387054
1.779287
0.082047
0.611560
0.775431
1.185359
1.232430
0.260585
0.052043
0.241917
0.776920
5.075136
0.902731
0.152191
1.455804
0.533480
1.363097
4.342865
0.572166
0.104939
0.078412
0.657250
1.477791
0.863426
0.158505
0.638827
0.659575
0.574504
0.936478
0.446047
18.357510
22.586182
0.183681
16.287920
2.057869
26.580761
0.398334
4.973945
0.001447
1.168723
0.550606
0.843162
0.877850
6.373868
0.849208
4.522805
0.249791
5.709346
0.222541
0.339172
0.831288
14.831936
0.975353
0.594355
0.671744
0.214068
9.835593
1.634883
0.147423
0.279552
0.424167
6.604177
3.124905
1.201962
0.716447
1.396511
0.812273
2.278075
0.002336
0.999402
5.259079
0.290434
0.600646
4.592279
9.283543
0.215163
0.623981
0.624580
0.930159
6.576042
14.152516
0.556569
0.905038
0.512672
7.169963
11.497950
0.099445
8.743601
1.184543
0.472595
0.510995
14.217063
0.292939
18.713768
0.709162
0.761494
1.497089
11.047116
1.743932
0.459283
0.176678
0.000325
0.452052
17.405767
4.890521
5.975366
6.445696
23.313492
7.362846
18.128815
0.238076
1.051274
4.408250
0.329255
0.565484
1.036590
2.751393
3.255162
0.744503
0.272166
1.617082
11.916086
0.151142
7.994224
0.512193
0.483752
0.305400
0.000057
13.661335
1.089391
0.993960
4.969033
13.712756
0.703036
20.915459
6.560447
17.221426
0.678469
8.212924
0.107209
1.219320
0.700355
8.408792
8.396631
27.361773
0.621451
2.370220
1.671964
0.440993
0.511856
3.918204
2.028494
13.696645
0.000128
0.938860
0.668871
1.363826
0.540290
13.131465
0.418866
1.054100
1.067129
3.185525
0.196772
1.397172
0.809748
0.325952
1.167157
2.903600
0.925480
0.539909
25.651949
0.570870
11.198307
1.873632
0.904048
3.347773
1.023603
0.363064
0.539199
15.699683
0.299664
20.530531
7.901752
6.676134
0.358099
0.090412
9.112982
0.198048
0.956597
0.531297
28.674606
6.996006
0.973266
10.110574
0.373182
11.584796
0.402218
0.876112
0.855514
0.041769
2.144338
0.289165
0.071231
0.674885
0.159161
0.500420
1.193440
12.800820
10.115952
0.000428
2.282306
1.314571
0.270617
0.508781
0.294034
7.976372
0.766414
0.218650
3.670875
3.208042
4.392676
7.114231
24.981318
10.372559
0.025424
6.909910
0.989318
0.213484
1.217379
0.045878
0.343569
0.588575
0.619790
0.359090
12.589434
8.275012
0.621033
1.422052
10.828955
2.739417
0.221447
0.832297
20.031460
2.229414
0.033545
0.634181
1.804273
0.980436
0.473725
0.520120
0.225064
1.449524
17.310696
3.193841
0.011731
0.051765
0.423652
9.162895
1.106451
1.364929
0.249912
12.249994
6.718063
0.791286
23.660065
4.725806
9.952644
0.913545
0.417542
7.134937
0.357699
0.493753
1.965662
0.392919
19.622469
1.425174
0.152095
0.379453
0.474569
0.510255
0.003022
0.366182
1.167375
1.142570
0.839097
0.635656
0.400835
0.360441
9.383303
17.561865
0.621167
0.273684
0.810507
0.105300
10.938187
7.070508
1.225983
1.870825
0.407474
2.590825
1.291073
0.890626
0.836674
0.303080
0.923316
0.571282
0.652051
7.302316
0.497141
16.675844
0.161988
0.000675
0.827811
0.254153
10.218192
14.144996
12.189694
4.856438
0.737837
0.602505
2.808400
0.559534
3.013325
1.736495
4.346982
1.407835
1.439609
2.138862
12.206344
14.252625
0.000270
0.316542
0.989646
0.507434
5.212933
0.529711
1.260386
0.117379
3.661128
0.436733
0.345168
1.273708
0.346061
14.130604
1.943787
15.632751
10.567751
0.000251
0.000187
25.249786
2.189177
0.931625
0.273987
17.773678
0.113985
0.994534
3.435817
0.455227
0.285958
0.235372
7.807724
0.575568
0.330165
0.547829
11.029261
15.154906
0.061317
13.692073
12.742909
0.216092
15.588927
0.340732
0.596047
0.361099
1.065765
4.413965
0.060696
10.953865
0.561451
2.462219
1.119764
0.194453
4.479396
2.519224
0.754079
0.236759
0.430952
8.408448
8.070909
0.747268
2.661319
8.732836
4.984857
0.886918
0.111338
0.673124
0.262133
19.911045
0.965339
18.791328
2.726654
0.742080
0.358984
0.334765
2.569184
1.168595
2.758947
1.660956
4.565442
0.212588
3.222932
0.052681
0.062480
0.570212
9.396216
0.292031
9.600480
21.124176
0.903379
17.072998
0.680834
0.763403
14.910869
15.253083
1.437492
0.484440
1.313995
0.033644
1.479311
1.175164
1.769787
0.506841
0.155705
4.752386
0.397277
0.466962
4.592958
0.720192
3.580330
1.071515
2.123908
13.915954
6.187996
20.242046
0.551903
8.723825
4.828732
1.025828
0.168471
8.967013
14.436469
0.458739
1.466572
3.571564
0.535131
0.547165
2.358697
0.009273
0.922444
0.463831
0.329180
4.131151
0.829801
0.027156
21.056538
0.666479
0.078302
12.753715
0.744169
18.452719
0.288707
1.214228
0.811244
18.781961
4.768126
