1.215250
1.120548
0.918316
1.225295
1.290616
1.133133
1.131226
0.554094
0.602349
0.576944
1.304479
0.717765
0.935248
0.604772
1.312487
0.534552
0.610209
0.850592
0.753947
0.833730
1.016928
1.216062
1.273466
0.631504
1.291683
1.254647
0.939082
1.060943
1.448342
1.153971
0.619546
0.682879
1.409114
1.189988
0.769195
1.393630
0.614633
1.390199
0.999126
1.078928
1.107039
1.093691
0.982046
1.123513
0.891855
1.114285
1.377663
0.813682
1.422899
0.985669
0.779735
1.087706
0.998564
0.670840
1.379890
1.115095
0.966508
1.264455
1.090314
1.150951
1.035821
1.016351
1.383022
1.116096
1.388133
1.266239
0.603047
0.531662
1.117495
0.626306
0.769623
0.542079
1.230582
0.727641
0.903697
1.080539
1.094890
1.093786
1.042332
0.814351
0.933510
0.748167
1.235541
0.687313
1.275716
1.061514
1.144685
0.577002
0.868328
1.238328
1.025643
1.206665
0.579157
1.486733
1.000703
0.948699
1.382554
0.754535
0.815585
0.848461
1.146991
0.718392
1.179117
0.928864
0.922433
0.924374
0.785927
1.197094
1.271752
0.752387
0.559062
1.131951
1.138541
1.104646
1.022179
0.694276
0.548976
1.332080
0.968063
1.048477
0.694516
0.578960
0.992246
0.501204
0.823944
1.195702
1.264136
0.489098
1.188308
0.528611
1.266972
1.312317
1.018949
0.671568
1.387706
1.274604
1.058715
0.943660
1.209094
0.550920
0.828158
0.666544
0.767681
0.600035
0.722464
0.568777
1.051242
1.216742
0.762741
0.941331
1.343472
1.210024
0.863825
0.930590
1.157702
1.095556
1.203331
0.617997
1.116918
0.642431
1.261150
1.145943
1.100028
0.957629
0.517153
0.799332
1.214730
0.767634
0.578035
1.313143
0.549668
0.734732
0.568137
1.135358
0.691745
0.943509
1.072470
0.944441
0.622441
0.672161
0.534249
1.133182
1.022090
0.835492
1.254537
1.240016
0.829793
0.983119
0.653940
0.984571
1.170037
1.283641
0.930985
1.337371
0.574204
0.955510
1.390540
1.013517
0.781210
1.130819
0.992811
1.386322
1.019568
0.906832
0.857906
1.137163
1.266113
0.511052
1.311176
0.676513
0.937677
0.997378
0.680652
1.296416
1.211843
1.106500
0.565393
1.142318
0.549567
0.696524
0.722856
1.035501
0.952503
0.671216
1.145651
1.217850
0.998806
0.551428
0.589757
1.480483
0.549521
1.118891
0.649153
1.129573
1.099652
1.097016
0.973020
0.894629
1.069798
0.903472
1.149730
1.072171
1.178949
0.974739
0.613772
0.717149
0.988428
0.882952
0.931945
0.971852
1.077101
1.089614
0.627159
1.006678
1.136824
0.879695
0.732773
0.820419
0.659478
0.527916
0.721636
0.797547
0.690871
1.186872
1.116915
0.895153
1.033572
1.147260
1.078073
1.075003
1.036214
0.533674
0.632269
1.412805
0.998902
0.557066
0.797965
0.892900
1.055032
0.541217
1.023785
0.962738
1.312606
0.837326
1.188882
1.207204
1.143605
1.029982
1.230464
0.594648
0.745233
0.852145
1.006655
1.362008
0.692026
1.249598
1.015071
1.007223
0.574961
0.665283
1.126786
0.517307
0.790234
0.734609
1.199632
1.118776
0.641240
0.957633
1.215885
0.858937
1.280203
0.580718
0.856153
1.132723
1.158044
1.327203
1.093495
0.885576
1.199365
1.372114
1.245313
1.238048
1.368887
1.268546
1.235698
0.651201
0.550349
1.270086
1.144659
1.342326
1.055708
0.565338
0.837832
1.382935
1.555466
1.275130
0.801433
1.038825
1.267200
1.224464
1.122795
1.196651
0.973430
1.443829
0.619962
1.187960
0.669500
0.906111
0.870916
1.331085
1.128124
0.684153
0.572161
0.496536
0.748826
1.131626
1.296458
0.926008
1.323559
0.847737
0.936711
0.820429
1.396879
1.007629
0.892225
0.501181
0.614420
0.962924
1.080314
1.479876
1.089676
0.633611
1.135224
1.507333
1.006955
0.842699
1.243075
1.041829
1.080255
1.174107
0.599310
1.560267
0.571863
0.598454
0.884452
0.948176
0.596147
0.866206
1.278001
1.118801
0.604533
1.091742
1.520708
0.616578
1.176411
0.944364
0.963560
0.784780
1.313334
1.277297
1.238088
0.615613
0.616261
1.013359
0.656299
0.611870
1.091532
0.591805
1.168260
1.349338
1.051827
1.233985
0.976933
0.963633
0.553177
1.360149
0.703696
1.189437
1.046053
0.777411
0.786934
0.929376
1.043924
1.055464
0.613306
0.700787
1.421622
0.891053
0.515197
0.840622
1.074996
1.039368
1.304683
1.036125
0.604484
1.060669
0.655970
0.923099
1.318097
1.276550
1.096081
1.140553
0.832100
0.863744
1.387281
0.860921
0.867413
0.838787
0.996426
1.037765
1.353200
0.683296
1.337159
0.690970
0.529145
1.271851
0.601202
1.186325
1.007988
0.472119
0.537395
0.805032
1.252065
0.958112
0.928677
0.888846
0.833976
0.862591
1.135584
1.052068
0.674618
1.180117
1.019427
0.741887
1.414903
0.607146
1.197096
0.738397
0.496048
0.781112
0.575775
1.300616
0.612708
0.684057
0.863363
1.081200
0.686091
0.621358
1.058146
1.012685
0.824899
1.368480
1.148352
0.901419
0.827031
1.267106
1.163077
1.195291
0.821158
1.114205
1.001877
0.580430
0.961790
1.022052
0.554694
1.068516
0.647742
1.189639
1.269370
1.324891
0.487539
0.776101
