-0.547937
0.239156
0.093812
-0.563015
0.493612
0.374578
-0.689071
-0.391626
0.193569
-0.551436
-0.286962
0.083693
-0.201734
-0.268695
-0.409966
0.594446
-0.124908
0.388637
-0.158497
-0.737028
-0.346256
0.057666
-0.530155
-0.347108
-0.099165
0.143293
0.721994
0.475336
0.533875
-0.210438
-0.402694
-0.390581
-0.500865
-0.295003
-0.094176
-0.099860
-0.084173
-0.065455
-0.222798
-0.088307
-0.060607
1.070110
-0.482586
0.096232
0.561858
0.461633
0.516959
-0.590311
0.496278
-0.339525
0.059318
0.420572
0.061050
0.717116
-0.175444
0.249934
-0.418879
0.360543
0.020940
0.055211
-0.830796
-0.298636
-0.257825
-0.175302
