817.535461
156.577087
672.550903
48.332439
544.199829
147.283127
1406.285400
306.553894
792.307556
189.379547
242.407120
303.856232
351.086365
213.641800
550.774536
133.780685
449.539093
229.943619
172.351624
561.547241
139.811722
108.891251
365.968445
772.305725
1427.762817
204.218460
670.449219
277.512604
390.624939
136.068893
481.440552
485.888702
183.394577
268.205902
552.711304
388.016205
103.804703
3014.840332
645.893127
611.713135
361.327667
602.151611
369.413086
191.973297
1078.180908
3730.518311
589.883240
388.099304
544.642639
1248.345947
493.679596
110.831406
382.673737
333.280853
523.929260
205.150177
267.265015
319.698456
107.851410
45.488354
377.502380
497.118439
242.654953
98.232712
