0.549115
0.951257
1.809660
1.184600
0.527452
0.441234
0.819830
1.342723
0.399672
1.549260
2.275939
0.094950
1.553135
1.150328
1.401668
0.577903
-0.175920
0.739200
0.130966
2.517751
1.108931
1.234577
1.711733
1.449557
0.836038
1.695323
0.667883
2.021471
-0.075274
-1.323029
0.709983
0.659830
-0.160574
-0.036930
0.519833
0.403581
1.660969
-0.225858
1.329490
2.451340
0.584927
1.261397
1.643875
-1.053323
1.104907
-0.008796
0.886064
2.725263
0.352933
3.724842
3.214992
1.143111
1.620889
2.512305
1.068976
0.072619
1.533427
1.332733
1.263617
0.624778
3.123711
3.255070
1.545303
1.055240
