0.034974091
0.079916142
0.038560006
0.143838833
0.042866734
0.082399016
0.026666322
0.057114433
0.035526533
0.072666178
0.064228299
0.057367406
0.05336941
0.068415715
0.042610112
0.0864573
0.04716456
0.065945987
0.076171244
0.042199418
0.08457201
0.095830005
0.052273019
0.03598364
0.026464995
0.069976375
0.038620397
0.060028551
0.050596382
0.085727267
0.045575161
0.045366069
0.073842361
0.061061156
0.042535391
0.050766183
0.098149794
0.018212425
0.039347698
0.040432048
0.052607636
0.040751792
0.052028736
0.072173615
0.030454676
0.016372513
0.041173388
0.050760747
0.042849305
0.028302992
0.045006679
0.094987535
0.051119324
0.054776486
0.04368811
0.069817291
0.061168542
0.055927969
0.096290862
0.14826721
0.051468271
0.044850741
0.064195491
0.100895018