20.774849
6.568232
18.751163
4.540208
23.240961
8.749828
20.659416
13.860617
18.289061
10.513730
14.532393
15.488995
9.358948
7.750823
17.165453
9.204110
18.255455
11.563896
7.909376
14.379479
7.566018
9.705350
14.747134
21.494234
23.458008
7.156903
17.520061
8.189577
13.331808
6.164406
13.074688
12.159588
9.897370
11.100090
19.522213
12.601547
8.209596
37.235703
18.211714
11.864842
12.529531
21.778231
9.490126
7.549289
22.813896
40.752216
16.972431
11.546690
18.354635
15.841599
10.312232
6.523119
15.947348
13.231730
14.929064
12.409414
10.001997
16.238075
4.942176
3.328199
9.214398
11.220395
11.268266
6.681681
